>GGGGGGGGGGGG	23-GGGGGGGGGGGG	7.023016	-46.640729	0	T:3700.0(18.50%),B:6463.1(15.50%),P:1e-20
0.076	0.062	0.783	0.079
0.093	0.076	0.755	0.076
0.118	0.097	0.721	0.064
0.112	0.093	0.714	0.081
0.106	0.096	0.728	0.070
0.098	0.067	0.765	0.070
0.079	0.084	0.774	0.063
0.080	0.118	0.721	0.081
0.075	0.117	0.744	0.064
0.107	0.088	0.756	0.049
0.105	0.074	0.760	0.061
0.088	0.078	0.780	0.054
