>VNSTGAYGHAAY	2-VNSTGAYGHAAY,BestGuess:Chop(bZIP)/MEF-Chop-ChIP-Seq(GSE35681)/Homer(0.910)	7.779292	-561.273522	0	T:1504.0(7.52%),B:778.1(1.87%),P:1e-243
0.240	0.350	0.266	0.143
0.229	0.281	0.278	0.212
0.247	0.307	0.440	0.006
0.023	0.032	0.040	0.905
0.006	0.026	0.947	0.021
0.882	0.028	0.065	0.025
0.008	0.524	0.011	0.457
0.028	0.101	0.727	0.144
0.251	0.364	0.001	0.384
0.682	0.196	0.031	0.091
0.880	0.046	0.040	0.034
0.011	0.317	0.240	0.432
