>TGTGGTTACTAC	14-TGTGGTTACTAC,BestGuess:RUNX(Runt)/HPC7-Runx1-ChIP-Seq(GSE22178)/Homer(0.737)	10.872956	-139.001016	0	T:169.0(0.84%),B:19.7(0.05%),P:1e-60
0.016	0.229	0.001	0.754
0.001	0.001	0.703	0.295
0.016	0.001	0.001	0.982
0.001	0.001	0.737	0.261
0.001	0.016	0.733	0.250
0.001	0.016	0.021	0.962
0.182	0.125	0.115	0.578
0.838	0.001	0.001	0.160
0.001	0.594	0.291	0.114
0.104	0.001	0.001	0.894
0.614	0.001	0.034	0.351
0.050	0.866	0.083	0.001
