>TCTCGCGAKAGT	7-TCTCGCGAKAGT	9.322637	-308.704111	0	T:355.0(1.77%),B:31.7(0.08%),P:1e-134
0.059	0.018	0.009	0.914
0.046	0.841	0.106	0.007
0.017	0.070	0.027	0.886
0.060	0.764	0.088	0.088
0.029	0.061	0.873	0.037
0.023	0.746	0.073	0.158
0.045	0.143	0.752	0.060
0.822	0.085	0.056	0.037
0.053	0.043	0.446	0.459
0.726	0.075	0.146	0.053
0.174	0.229	0.437	0.159
0.036	0.092	0.087	0.785
