>TATGGTAACTTC	21-TATGGTAACTTC	10.078733	-68.427038	0	T:161.0(0.80%),B:72.6(0.17%),P:1e-29
0.057	0.024	0.038	0.881
0.832	0.038	0.038	0.092
0.167	0.001	0.011	0.821
0.076	0.127	0.689	0.108
0.076	0.001	0.875	0.048
0.132	0.001	0.061	0.806
0.841	0.001	0.044	0.114
0.959	0.001	0.039	0.001
0.075	0.849	0.019	0.057
0.042	0.001	0.001	0.956
0.137	0.086	0.133	0.644
0.024	0.860	0.054	0.062
