>GGAAGTCACACC	19-GGAAGTCACACC	10.899185	-79.484835	0	T:136.0(0.68%),B:38.7(0.09%),P:1e-34
0.191	0.044	0.693	0.072
0.033	0.022	0.944	0.001
0.945	0.022	0.022	0.011
0.890	0.011	0.055	0.044
0.011	0.022	0.890	0.077
0.022	0.049	0.001	0.928
0.048	0.940	0.001	0.011
0.727	0.073	0.199	0.001
0.022	0.738	0.229	0.011
0.759	0.044	0.122	0.075
0.144	0.745	0.110	0.001
0.011	0.812	0.066	0.111
