MEME version 4

ALPHABET = ACGT

Strands: + -

Background letter frequencies
A 0.292 C 0.208 G 0.208 T 0.292

MOTIF conv1_filter0
letter-probability matrix: alength= 4 w= 19
0.178703412414 0.182657390833 0.368526369333 0.270112812519
0.295934677124 0.210722520947 0.142052516341 0.351290285587
0.311540752649 0.217371657491 0.389425933361 0.0816616341472
0.0945241525769 0.108145184815 0.605571091175 0.191759601235
0.0586963184178 0.376870065928 0.119861856103 0.444571763277
0.229136750102 0.167906656861 0.467779159546 0.135177448392
0.164549812675 0.150347784162 0.0946209803224 0.59048140049
0.440020650625 0.106579735875 0.28970515728 0.16369445622
0.582282960415 0.194422483444 0.163500800729 0.0597937479615
0.122540868819 0.131271883845 0.291448116302 0.454739123583
0.340090066195 0.38271227479 0.151267692447 0.125929996371
0.397914886475 0.167583882809 0.150670558214 0.283830672503
0.445104330778 0.158885136247 0.214611947536 0.181398570538
0.419831186533 0.124558202922 0.066588126123 0.389022469521
0.100447043777 0.0378774441779 0.150783538818 0.710891962051
0.176702231169 0.466020047665 0.205542013049 0.151735708117
0.375175505877 0.334683597088 0.0722205191851 0.217920377851
0.0585833489895 0.314155220985 0.429304599762 0.197956845164
0.156706422567 0.497538864613 0.112567178905 0.233187541366

MOTIF conv1_filter1
letter-probability matrix: alength= 4 w= 19
0.448628991842 0.104907684028 0.154351577163 0.292111724615
0.401350796223 0.07532209903 0.389751493931 0.133575603366
0.228554129601 0.142642140388 0.217028230429 0.411775499582
0.109624490142 0.181422755122 0.151855528355 0.557097256184
0.484142720699 0.0744778439403 0.220184996724 0.221194431186
0.387328863144 0.092757768929 0.355155438185 0.164757922292
0.362441718578 0.0232536792755 0.521840453148 0.0924641191959
0.224663212895 0.0579598434269 0.320724576712 0.396652340889
0.234041765332 0.0794516056776 0.515618681908 0.170887932181
0.229581907392 0.260819286108 0.254615873098 0.254982918501
0.345703482628 0.133722424507 0.0358624234796 0.484711676836
0.126766502857 0.343647897243 0.0682744160295 0.461311161518
0.173732697964 0.391972243786 0.0996035709977 0.334691494703
0.308849990368 0.232738688588 0.300646036863 0.157765299082
0.485298961401 0.256928384304 0.18569907546 0.0720735564828
0.0897294729948 0.201189294457 0.0960063114762 0.61307489872
0.033898614347 0.832690954208 0.0816540047526 0.0517564155161
0.281338334084 0.234408840537 0.00934184901416 0.474910974503
0.179697543383 0.348750144243 0.367654085159 0.103898249567

MOTIF conv1_filter2
letter-probability matrix: alength= 4 w= 19
0.436035364866 0.24342314899 0.187408208847 0.133133262396
0.147308602929 0.611471176147 0.180208802223 0.0610114298761
0.548113167286 0.133133262396 0.0184375196695 0.30031606555
0.338611841202 0.450625747442 0.1257263273 0.0850360766053
0.151427105069 0.134841322899 0.270129621029 0.443601936102
0.107655957341 0.287497609854 0.439547270536 0.165299147367
0.354750663042 0.235042467713 0.0739416405559 0.336265236139
0.344486296177 0.513457000256 0.0428133569658 0.0992433428764
0.257997572422 0.530697286129 0.12633292377 0.0849722251296
0.467945843935 0.201807036996 0.070461653173 0.259785443544
0.347487390041 0.328762531281 0.20618095994 0.117569118738
0.192149281502 0.270209431648 0.30536043644 0.232280820608
0.115126751363 0.108342379332 0.145265311003 0.631265580654
0.26468616724 0.344629973173 0.221202343702 0.169481515884
0.646686017513 0.149942532182 0.0340016596019 0.169369772077
0.112828046083 0.668619513512 0.157940104604 0.0606123507023
0.663559138775 0.116978481412 0.0397005304694 0.179761826992
0.0847168117762 0.280649393797 0.417214751244 0.217419072986
0.285645872355 0.130978226662 0.240948855877 0.342427045107

MOTIF conv1_filter3
letter-probability matrix: alength= 4 w= 19
0.0938914194703 0.237791821361 0.281396538019 0.386920213699
0.304154604673 0.186083748937 0.0894639641047 0.420297682285
0.308549404144 0.10258295387 0.360567897558 0.228299766779
0.330555975437 0.263621360064 0.171461716294 0.234360963106
0.316979527473 0.0741230845451 0.0594683773816 0.549428999424
0.270711809397 0.13221912086 0.157623872161 0.43944516778
0.21872600913 0.138100609183 0.339753955603 0.303419440985
0.104870200157 0.450897753239 0.179418057203 0.264813989401
0.0753647312522 0.0988416746259 0.559705257416 0.266088306904
0.0704308226705 0.35346108675 0.217778429389 0.35832965374
0.0891045406461 0.730529844761 0.0840562656522 0.096309363842
0.154862850904 0.0564296096563 0.350046575069 0.438660979271
0.0527373440564 0.572709918022 0.244457513094 0.130095243454
0.316799819469 0.378196030855 0.166544139385 0.138460025191
0.0997565686703 0.0681272372603 0.225457042456 0.606659173965
0.112369097769 0.163946479559 0.184989139438 0.538695275784
0.219003736973 0.284484297037 0.0932542607188 0.403257697821
0.413223534822 0.0653498694301 0.231420218945 0.290006369352
0.480060130358 0.183910861611 0.10258295387 0.233446061611

MOTIF conv1_filter4
letter-probability matrix: alength= 4 w= 19
0.0707246203157 0.447877662283 0.347167720097 0.134229997304
0.0859269688165 0.424722163976 0.407363029087 0.0819878381212
0.121154479825 0.350507743462 0.374007728485 0.154330048228
0.101024473534 0.361351586137 0.429754665548 0.107869274781
0.0955126860977 0.43621004703 0.370817481952 0.0974597849205
0.0529610879789 0.354431896474 0.488916514394 0.103690501153
0.0956325075637 0.457762933229 0.378845520175 0.0677590390318
0.0502651049936 0.367986699817 0.510604199742 0.0711439954468
0.0691669412575 0.393119252314 0.476260372046 0.0614534343828
0.0832759188809 0.404592157685 0.469535392266 0.0425965311686
0.0588023844472 0.418536380793 0.448057394482 0.074603840278
0.0431357277656 0.45651978552 0.401012491388 0.099331995327
0.0725518976725 0.447533175568 0.416080040739 0.0638348860198
0.0546236108199 0.443279513525 0.438261989635 0.0638348860198
0.0560614684121 0.355690021867 0.490848635533 0.0973998741875
0.0533355300602 0.519650720427 0.358490848636 0.0685229008777
0.053260641644 0.277057184795 0.53993050355 0.129751670012
0.127460084474 0.399889165144 0.373902884702 0.0987478656801
0.0638947967528 0.334541533116 0.477952850253 0.123610819878

MOTIF conv1_filter5
letter-probability matrix: alength= 4 w= 19
0.536859869957 0.105960421264 0.069639839232 0.287539869547
0.297763079405 0.0915634930134 0.329581677914 0.281091719866
0.0505299195647 0.165259808302 0.642069995403 0.142140313983
0.368927031755 0.0397908464074 0.223996430635 0.367285698652
0.12643031776 0.130627468228 0.172434821725 0.570507407188
0.163618460298 0.277574568987 0.276988357306 0.281818598509
0.437886893749 0.186292439699 0.162164703012 0.213655978441
0.235954791307 0.475895702839 0.0883511528373 0.199798345566
0.313848257065 0.115949168801 0.0530388280749 0.51716375351
0.310424864292 0.228990808129 0.38881072402 0.0717735886574
0.0630510225892 0.0118645653129 0.546778261662 0.378306120634
0.35012191534 0.0659585446119 0.503775060177 0.0801444351673
0.561433136463 0.0355936959386 0.191005438566 0.211967736483
0.14131963253 0.302522987127 0.245404243469 0.310753136873
0.113205775619 0.267773389816 0.366160184145 0.252860635519
0.4125867486 0.0325689353049 0.0616441555321 0.493200153112
0.00546332774684 0.466821432114 0.332770586014 0.194944664836
0.444452255964 0.0391577556729 0.392632722855 0.123757265508
0.127907529473 0.0230256989598 0.515381753445 0.333685040474

MOTIF conv1_filter6
letter-probability matrix: alength= 4 w= 19
0.380850374699 0.0409288518131 0.340727388859 0.237493366003
0.0365602783859 0.0635563582182 0.47683173418 0.42305162549
0.113900966942 0.0424981452525 0.511865139008 0.331735759974
0.00998833589256 0.168444484472 0.270681798458 0.550885379314
0.46431979537 0.254267841578 0.0655073672533 0.215904995799
0.196649342775 0.444703638554 0.220125123858 0.138521894813
0.435436338186 0.101558692753 0.253928542137 0.209076449275
0.538818776608 0.126985475421 0.193468347192 0.140727385879
0.114770434797 0.146156296134 0.469176113605 0.269897133112
0.134322971106 0.0937970504165 0.1330293715 0.638850569725
0.305693984032 0.113667689264 0.433358073235 0.147280246019
0.180532291532 0.150567278266 0.138373449445 0.530526995659
0.218534618616 0.204538226128 0.361912846565 0.215014308691
0.07791326195 0.214060008526 0.154638960958 0.553387761116
0.30028629303 0.074838295579 0.35781994462 0.26705545187
0.0826211422682 0.102682642639 0.406934589148 0.407761633396
0.507411718369 0.050535466522 0.311398565769 0.130654230714
0.123019829392 0.326540142298 0.520284175873 0.0301558692008
0.67988550663 0.0804580673575 0.0587636530399 0.180892795324

MOTIF conv1_filter7
letter-probability matrix: alength= 4 w= 19
0.399461209774 0.231481134892 0.321793794632 0.0472638644278
0.186801299453 0.335263729095 0.318165153265 0.159769818187
0.232800647616 0.238720089197 0.0761279910803 0.452351272106
0.213686183095 0.0332441441715 0.126360744238 0.62670892477
0.423871994019 0.110361762345 0.1352673769 0.330498844385
0.541417717934 0.194351792336 0.109188869596 0.155041605234
0.312740534544 0.0844481885433 0.233222156763 0.36958912015
0.396015822887 0.174595907331 0.189385324717 0.240002930164
0.369754046202 0.15110142529 0.2009126544 0.278231859207
0.094784297049 0.268702119589 0.379210501909 0.257303088903
0.289191067219 0.33988198638 0.278983235359 0.0919437035918
0.395576000214 0.198841765523 0.257907867432 0.147674381733
0.392808705568 0.292141616344 0.184583812952 0.130465865135
0.15099145472 0.0456877909601 0.783308267593 0.0200124625117
0.0964886546135 0.564875543118 0.164956197143 0.173679575324
0.0174101088196 0.393230229616 0.452516227961 0.136843457818
0.157643958926 0.328849464655 0.178792655468 0.334713935852
0.132939919829 0.230509847403 0.151907786727 0.484642446041
0.207125321031 0.149873554707 0.13885936141 0.504141747952

MOTIF conv1_filter8
letter-probability matrix: alength= 4 w= 19
0.751948089993 0.0214729318022 0.0192904851184 0.207288493086
0.190180454652 0.498696390907 0.222419146942 0.0887040074994
0.163258729787 0.424976564331 0.0825667916569 0.329197914225
0.384315678463 0.345119521912 0.130873564565 0.13969123506
0.182900749941 0.128910827279 0.162101593625 0.526086829154
0.172911295993 0.23434204359 0.129760370284 0.462986290134
0.0769715256621 0.0737491211624 0.0445717131474 0.804707640028
0.144554136396 0.238941293649 0.178696976799 0.437807593157
0.255595265995 0.184746308882 0.19321244434 0.366445980783
0.582698617296 0.210056831498 0.0818490742911 0.125395476916
0.441850246075 0.121015936255 0.365406022967 0.0717277947035
0.315956761191 0.146663346614 0.351022381064 0.186357511132
0.46647234591 0.196918209515 0.150354464495 0.18625498008
0.0384052027185 0.0834163346614 0.669469182095 0.208709280525
0.408410475744 0.0762977501758 0.331702601359 0.183589172721
0.314872861495 0.267664635575 0.303052495899 0.114410007031
0.337781228029 0.175826107335 0.134681860792 0.351710803843
0.160021677994 0.221188774315 0.351842629482 0.26694691821
0.274651394422 0.219445746426 0.408630185142 0.0972726740098

MOTIF conv1_filter9
letter-probability matrix: alength= 4 w= 19
0.365837156118 0.259678750727 0.142992462686 0.231491630469
0.278758846534 0.263034682472 0.19568600387 0.262520467124
0.529533552551 0.160245740808 0.170936007253 0.139284699387
0.35074899525 0.277865735666 0.18458977794 0.186795491143
0.077064642282 0.575637018092 0.210489993099 0.136808346527
0.143033058634 0.0259543430899 0.800213805329 0.0307987929471
0.115887901054 0.814435919295 0.00863340505284 0.0610427745978
0.233318448152 0.235943652823 0.477435418612 0.0533024804125
0.219191058066 0.233534959878 0.351912745775 0.195361236282
0.177241911257 0.292615596963 0.175360965642 0.354781526137
0.387583052545 0.182235212926 0.270626124846 0.159555609683
0.173561211924 0.240043843624 0.319666030663 0.266728913788
0.210341141287 0.393198825424 0.178040298245 0.218419735044
0.190313806682 0.291966061787 0.36617545569 0.151544675841
0.226579520697 0.242154832948 0.298786181139 0.232479465216
0.180760226796 0.287784679089 0.313766086145 0.21768900797
0.229759536665 0.164278271695 0.254157701728 0.351804489912
0.213507625272 0.313184210882 0.248149501346 0.225158662499
0.129027456393 0.451508139488 0.273684352968 0.145780051151

MOTIF conv1_filter10
letter-probability matrix: alength= 4 w= 19
0.488879173994 0.197414174676 0.195369958878 0.118336685002
0.253481268883 0.253848165274 0.0710579156876 0.421612650156
0.489438295364 0.18294750154 0.0956931933761 0.231921032071
0.0698523595929 0.210867479444 0.171503454447 0.547776699066
0.316816627979 0.330654323101 0.278081595898 0.074447453022
0.107871055603 0.0683497861028 0.00953961722553 0.814239561558
0.0882327258587 0.336210370064 0.270691007376 0.304865896702
0.12396261096 0.176482915878 0.251349687576 0.448204755783
0.337101429701 0.0675286129117 0.141434431076 0.453935533762
0.642246901989 0.223604440689 0.100655190647 0.0334934927523
0.172219797969 0.384292840958 0.228531494737 0.214955881238
0.232078269124 0.207163453102 0.147479683161 0.413278579712
0.221682533622 0.184153050184 0.170140653849 0.424023747444
0.178037911654 0.213330999017 0.422713369131 0.185917705297
0.365370839834 0.0282694157213 0.545103549957 0.0612562261522
0.122599810362 0.0549838393927 0.649951934814 0.17246440053
0.389464497566 0.0525028407574 0.178789198399 0.379243463278
0.0549139529467 0.439206779003 0.268210023642 0.23766925931
0.218223109841 0.296479433775 0.331947237253 0.153350219131

MOTIF conv1_filter11
letter-probability matrix: alength= 4 w= 19
0.481753438711 0.0606122277677 0.143974840641 0.313659489155
0.328364014626 0.0502728186548 0.429372042418 0.191991120577
0.0491075553 0.123370014131 0.814353108406 0.0131693333387
0.755239069462 0.0254508461803 0.0252843797207 0.194025710225
0.0826227664948 0.426819562912 0.222583919764 0.267973721027
0.329991668463 0.292074352503 0.270378261805 0.10755571723
0.240710258484 0.138222515583 0.172976970673 0.44809025526
0.304503828287 0.232349947095 0.424729496241 0.0384167209268
0.233126789331 0.0530842505395 0.207583457232 0.506205499172
0.199519097805 0.339443266392 0.273208171129 0.187829464674
0.273004710674 0.300416171551 0.208693236113 0.217885881662
0.303727000952 0.138037547469 0.10261721909 0.455618232489
0.170646443963 0.383963733912 0.145269587636 0.300120234489
0.570017576218 0.216905578971 0.0428188294172 0.170258015394
0.0729862228036 0.583889782429 0.328604459763 0.0145195601508
0.520577073097 0.021696107462 0.20769444108 0.250032365322
0.228909641504 0.10535466671 0.460112839937 0.20562286675
0.212854892015 0.161509290338 0.25796726346 0.367668539286
0.251715540886 0.290613144636 0.198853239417 0.258818089962

MOTIF conv1_filter12
letter-probability matrix: alength= 4 w= 19
0.494607031345 0.076333232224 0.327667057514 0.101392708719
0.291336596012 0.188881441951 0.371896445751 0.147885531187
0.261219024658 0.113125622272 0.213178738952 0.412476629019
0.0829618647695 0.37561494112 0.273806512356 0.267616689205
0.41815829277 0.13040164113 0.0473935827613 0.404046475887
0.067325681448 0.274176031351 0.224911659956 0.433586627245
0.27671661973 0.024759221822 0.449315190315 0.249208956957
0.0862646400928 0.00131648848765 0.686929821968 0.225489065051
0.245005428791 0.0441139116883 0.278194785118 0.432685881853
0.2562302351 0.25851675868 0.317250609398 0.168002396822
0.16456104815 0.0955493450165 0.0591495931149 0.680739998817
0.00614361278713 0.758805453777 0.0552232265472 0.179827705026
0.334411174059 0.280758470297 0.0279003158212 0.356930047274
0.267963141203 0.348130345345 0.296856582165 0.087049908936
0.405362963676 0.0205556973815 0.163960546255 0.410120785236
0.144051551819 0.0669330433011 0.758874773979 0.0301406569779
0.267685979605 0.1828302145 0.267616689205 0.28186711669
0.332655847073 0.180913224816 0.0899600461125 0.396470874548
0.216781765223 0.350139737129 0.054022219032 0.379056274891

MOTIF conv1_filter13
letter-probability matrix: alength= 4 w= 19
0.199557095766 0.591507732868 0.179274246097 0.0296609457582
0.193970501423 0.045833542943 0.0592212341726 0.700974702835
0.193198785186 0.0815172716975 0.442548692226 0.282735258341
0.20475782454 0.156491681933 0.325716763735 0.313033699989
0.021843072027 0.0931266471744 0.40964987874 0.475380420685
0.247051522136 0.0900229811668 0.19222573936 0.470699757338
0.141510218382 0.195530727506 0.378965556622 0.28399348259
0.184894397855 0.129464656115 0.121009275317 0.564631700516
0.192494168878 0.374150693417 0.146593526006 0.2867616117
0.215561926365 0.280889838934 0.224336072803 0.2792121768
0.166607946157 0.116160854697 0.372254937887 0.344976246357
0.0556478276849 0.163571387529 0.121026054025 0.659754753113
0.0422433614731 0.635109961033 0.266562640667 0.0560840182006
0.156424582005 0.147432342172 0.0404314920306 0.655711591244
0.183636143804 0.296324253082 0.395255595446 0.124784000218
0.128072202206 0.150770887733 0.225644633174 0.495512276888
0.500058710575 0.0975892096758 0.266411662102 0.135940402746
0.138909861445 0.111530527472 0.223379805684 0.526179790497
0.0729947835207 0.324408203363 0.434663712978 0.167933300138

MOTIF conv1_filter14
letter-probability matrix: alength= 4 w= 19
0.183241605759 0.167920932174 0.257823199034 0.391014277935
0.210108950734 0.293721228838 0.276693254709 0.21947658062
0.227923169732 0.159339547157 0.248702690005 0.364034593105
0.062742896378 0.0560485236347 0.0450634621084 0.836145102978
0.162686735392 0.526159703732 0.181062564254 0.130090981722
0.298079311848 0.353790849447 0.271751105785 0.0763787478209
0.217320010066 0.106436029077 0.0401213057339 0.636122643948
0.0358755476773 0.223407834768 0.27831068635 0.462405920029
0.147613167763 0.443580806255 0.267932146788 0.140873864293
0.703403353691 0.0733011364937 0.0242839492857 0.199011564255
0.183758288622 0.34947770834 0.312726050615 0.154037967324
0.0667190849781 0.358126461506 0.398854315281 0.176300123334
0.333887457848 0.354464799166 0.151027739048 0.16062001884
0.183084353805 0.433292150497 0.221520841122 0.162102654576
0.297495216131 0.0512411557138 0.0955632925034 0.555700302124
0.31292822957 0.231113106012 0.265191495419 0.190767154098
0.0485678985715 0.229315966368 0.105133101344 0.616983056068
0.0557564869523 0.352914750576 0.197169497609 0.394159257412
0.534673690796 0.0896776393056 0.00152757496107 0.374121069908

MOTIF conv1_filter15
letter-probability matrix: alength= 4 w= 19
0.27867051959 0.318369597197 0.192469492555 0.21049040556
0.297942101955 0.19720685482 0.0552944727242 0.449556589127
0.502975046635 0.280944436789 0.0729174539447 0.14316304028
0.311547785997 0.405271738768 0.0877927690744 0.195387706161
0.508659899235 0.270541191101 0.108580306172 0.112218603492
0.472674906254 0.138918370008 0.146327599883 0.242079138756
0.181516706944 0.124497838318 0.508925199509 0.18506026268
0.169692263007 0.0254491008818 0.214640334249 0.590218305588
0.150685966015 0.147710904479 0.296843022108 0.404760092497
0.569961369038 0.187637388706 0.172117784619 0.0702834799886
0.0951641052961 0.505552172661 0.331160455942 0.0681232437491
0.879026770592 0.0244068820029 0.00108011823613 0.0954862460494
0.117088608444 0.430588185787 0.203498065472 0.248825132847
0.563215315342 0.252217084169 0.15923216939 0.0253354050219
0.247858718038 0.0772379264235 0.117410749197 0.557492613792
0.279807478189 0.192602142692 0.291309773922 0.236280605197
0.190801933408 0.323580682278 0.193739101291 0.291878283024
0.233400285244 0.243708789349 0.0337679088116 0.489123016596
0.152050331235 0.511976063251 0.23796710372 0.098006516695

MOTIF conv1_filter16
letter-probability matrix: alength= 4 w= 19
0.154156285391 0.345745564364 0.346379765949 0.153718384296
0.267119667799 0.27953189883 0.311649679124 0.141698754247
0.170237825595 0.326055115138 0.357765194413 0.145941864855
0.0941940354851 0.449150622877 0.329497923745 0.127157417894
0.165587013968 0.340490751227 0.340883352208 0.153038882597
0.132714231786 0.392057380143 0.351257078143 0.123971309928
0.103103057758 0.398278595696 0.403986409966 0.0946319365798
0.117689694224 0.376866742167 0.363926009815 0.141517553794
0.0717402793507 0.494450736127 0.389309173273 0.0444998112495
0.0642959607399 0.40436391091 0.470366175915 0.0609739524349
0.0317402793507 0.659811249528 0.281238203096 0.0272102680257
0.0323140807852 0.188825972065 0.739992449981 0.0388674971687
0.0551453378633 0.658739146848 0.240030200076 0.0460853152133
0.0500113250283 0.384069460174 0.498784446961 0.0671347678369
0.125662514156 0.412321630804 0.310154775387 0.151861079653
0.0837599093998 0.480015100038 0.322672706682 0.113552283881
0.12664401661 0.385443563609 0.329950924877 0.157961494904
0.135386938467 0.312434881087 0.412049830125 0.140128350321
0.130947527369 0.29617214043 0.4014798037 0.171400528501

MOTIF conv1_filter17
letter-probability matrix: alength= 4 w= 19
0.689462780952 0.0690656974912 0.217213839293 0.0242576543242
0.287865817547 0.0836274176836 0.512351632118 0.116155132651
0.385252922773 0.203721523285 0.184864357114 0.226161196828
0.0909171923995 0.150661244988 0.580971717834 0.177449822426
0.361226975918 0.113178625703 0.256425350904 0.269169062376
0.56170463562 0.287562817335 0.0311553124338 0.119577229023
0.24252307415 0.0447367466986 0.355826467276 0.356913685799
0.175489246845 0.274426966906 0.326899081469 0.223184689879
0.115246139467 0.550155043602 0.183117672801 0.151481121778
0.166078492999 0.24482229352 0.386447072029 0.202652126551
0.0701172798872 0.404555648565 0.0517235249281 0.473603546619
0.197821974754 0.0442555174232 0.253591418266 0.504331111908
0.568138897419 0.184953480959 0.0439346954226 0.202972948551
0.148255094886 0.125138133764 0.385876744986 0.340730041265
0.157915368676 0.410223513842 0.248725622892 0.18313549459
0.196289166808 0.344366014004 0.253591418266 0.205753400922
0.340141862631 0.127419531345 0.104409508407 0.428029090166
0.491177409887 0.138024449348 0.0396214313805 0.331176698208
0.338912069798 0.0735037252307 0.268064022064 0.319520205259

MOTIF conv1_filter18
letter-probability matrix: alength= 4 w= 19
0.105726219714 0.19006960094 0.125178650022 0.579025506973
0.401484906673 0.128352671862 0.0986542925239 0.37150812149
0.120816707611 0.387378185987 0.114394433796 0.377410680056
0.0400556847453 0.149939671159 0.19948028028 0.610524356365
0.0949048697948 0.0589327141643 0.703294634819 0.142867743969
0.0754709988832 0.00176334101707 0.134273782372 0.788491904736
0.0834524333477 0.159053370357 0.511962890625 0.245531320572
0.23472854495 0.13184222579 0.101215779781 0.532213449478
0.331489562988 0.418097436428 0.107508122921 0.142904877663
0.125828310847 0.570858478546 0.0766032487154 0.226709976792
0.582310914993 0.203767985106 0.0791090503335 0.134812071919
0.473113685846 0.126459389925 0.159665897489 0.24076102674
0.277939677238 0.0561670549214 0.251842230558 0.414051055908
0.254737824202 0.0994524359703 0.212714612484 0.433095127344
0.139359623194 0.182663574815 0.305225044489 0.372751742601
0.180788859725 0.18669141829 0.293122977018 0.339396744967
0.148900225759 0.0199350342155 0.237791180611 0.593373537064
0.254385143518 0.0650208815932 0.283582359552 0.397011607885
0.145559161901 0.119944319129 0.200241297483 0.534255206585

MOTIF conv1_filter19
letter-probability matrix: alength= 4 w= 19
0.207007482648 0.232510522008 0.483543902636 0.0769380778074
0.0654929056764 0.0424660742283 0.0578302927315 0.834210753441
0.109323821962 0.422321021557 0.0851076245308 0.383247554302
0.0487248487771 0.4145219028 0.100705817342 0.436047405005
0.15432459116 0.465898454189 0.294591337442 0.0851856172085
0.386152714491 0.0152667295188 0.0203166436404 0.578263938427
0.152998745441 0.247406795621 0.471884250641 0.127710178494
0.1230892241 0.319216966629 0.148299798369 0.409393996
0.306913912296 0.209230229259 0.154032126069 0.329823732376
0.237950399518 0.223892524838 0.155435964465 0.382721096277
0.275366544724 0.334912657738 0.198506474495 0.191214323044
0.17986664176 0.25255420804 0.265188723803 0.302390426397
0.0433629713953 0.362092494965 0.234128847718 0.360415697098
0.359655290842 0.0468335673213 0.0348034612834 0.558707714081
0.096182346344 0.260275304317 0.317735135555 0.325807213783
0.137342065573 0.204570263624 0.39221650362 0.265871167183
0.0808961167932 0.319041490555 0.380420356989 0.219642028213
0.661655724049 0.038742005825 0.00908594578505 0.290516287088
0.0382350645959 0.315161436796 0.452951967716 0.193651542068

MOTIF conv1_filter20
letter-probability matrix: alength= 4 w= 19
0.312677413225 0.149967744946 0.0996774211526 0.437677413225
0.370548397303 0.364387094975 0.142596781254 0.12246774137
0.166080638766 0.449967741966 0.165080651641 0.218870967627
0.394903212786 0.128145158291 0.129693552852 0.347258061171
0.440177410841 0.0647258087993 0.163548380136 0.331548392773
0.20666128397 0.281596779823 0.292177408934 0.219564512372
0.115000002086 0.147193551064 0.53264516592 0.205161288381
0.251838713884 0.401870965958 0.0543870963156 0.291903227568
0.400870978832 0.166096776724 0.387629032135 0.04540322721
0.204532250762 0.215258061886 0.366709679365 0.213499993086
0.178161293268 0.11658064276 0.631596803665 0.0736612901092
0.167709678411 0.293403238058 0.255048394203 0.28383871913
0.528016149998 0.171967744827 0.175451606512 0.124564513564
0.156919360161 0.380951613188 0.203532263637 0.258596777916
0.467999994755 0.126741930842 0.145870968699 0.259387105703
0.430596768856 0.19003225863 0.278403222561 0.100967742503
0.400887101889 0.248177424073 0.11249999702 0.238435477018
0.0319354832172 0.0933387130499 0.0903709679842 0.784354865551
0.0273548383266 0.185983866453 0.0335645154119 0.753096759319

MOTIF conv1_filter21
letter-probability matrix: alength= 4 w= 19
0.268796682358 0.232782736421 0.0591951571405 0.439225435257
0.287354797125 0.0487479828298 0.224046587944 0.439850628376
0.138939157128 0.342897564173 0.0759435370564 0.442219734192
0.194136425853 0.151459306479 0.263449698687 0.390954554081
0.360106617212 0.220394194126 0.241156920791 0.178342267871
0.621828854084 0.185433194041 0.14668816328 0.0460498183966
0.392023950815 0.128080680966 0.344806015491 0.135089337826
0.248428806663 0.0620578452945 0.606215655804 0.0832976847887
0.49363297224 0.331019043922 0.0439274795353 0.131420493126
0.0667796358466 0.0605935975909 0.810190498829 0.0624362491071
0.318663418293 0.15433844924 0.402224332094 0.124773778021
0.36009016633 0.313201278448 0.0788391306996 0.247869431973
0.281366199255 0.343489855528 0.265325248241 0.109818696976
0.390493899584 0.166447296739 0.118275150657 0.324783653021
0.260570555925 0.0686058402061 0.039468921721 0.631354689598
0.338981926441 0.127175807953 0.128919750452 0.404922515154
0.207183048129 0.169935181737 0.335724383593 0.287157386541
0.254746466875 0.334572732449 0.31657397747 0.0941068083048
0.4846829772 0.22768253088 0.134842544794 0.152791947126

MOTIF conv1_filter22
letter-probability matrix: alength= 4 w= 19
0.130047678947 0.258857309818 0.280536323786 0.330558687449
0.313515782356 0.257276833057 0.0836077257991 0.345599651337
0.318309932947 0.419223994017 0.0135131571442 0.248952925205
0.345204532146 0.121486708522 0.462081491947 0.0712272450328
0.0319785065949 0.171113982797 0.421463012695 0.375444501638
0.477965384722 0.0498643405735 0.0564233586192 0.415746897459
0.113689646125 0.717698812485 0.060321893543 0.108289651573
0.458499073982 0.196349069476 0.123541340232 0.22161051631
0.252798765898 0.170639827847 0.28137922287 0.295182138681
0.215314909816 0.078181385994 0.290282636881 0.416221052408
0.300213366747 0.552406311035 0.0518399477005 0.0955403968692
0.158443748951 0.12048573792 0.140189126134 0.580881357193
0.148117899895 0.0705950558186 0.246792927384 0.534494102001
0.294233858585 0.0922213718295 0.272949963808 0.340594798326
0.319890409708 0.535179018974 0.00279219239019 0.142138391733
0.413744956255 0.280009478331 0.130548164248 0.175697386265
0.0256038773805 0.0591101869941 0.287885576487 0.62740033865
0.388984024525 0.0708321258426 0.271158754826 0.269025117159
0.427258133888 0.429470807314 0.0089560886845 0.134314984083

MOTIF conv1_filter23
letter-probability matrix: alength= 4 w= 19
0.174544274807 0.144062131643 0.165893644094 0.515499949455
0.264717936516 0.360176891088 0.176421090961 0.198684066534
0.136770576239 0.333966135979 0.308488845825 0.220774456859
0.0174954161048 0.284737348557 0.174155965447 0.52361124754
0.654017925262 0.0161363389343 0.190184444189 0.139661312103
0.237773701549 0.284629493952 0.195620760322 0.281976044178
0.823880910873 0.0823427885771 0.077014349401 0.0167619455606
0.510624527931 0.13838852942 0.167727321386 0.183259621263
0.136058673263 0.338949412107 0.150188758969 0.374803155661
0.3155862391 0.224463373423 0.402070969343 0.0578794106841
0.241095885634 0.251170307398 0.181900545955 0.325833231211
0.226383343339 0.304497897625 0.234214216471 0.234904542565
0.213418185711 0.267112493515 0.199892133474 0.3195771873
0.227656126022 0.546240985394 0.0186603385955 0.207442566752
0.44241181016 0.0401251204312 0.432143241167 0.0853198170662
0.0238809194416 0.339057266712 0.188739076257 0.448322713375
0.0577715449035 0.208348616958 0.412878870964 0.321000963449
0.568137228489 0.116643294692 0.078977458179 0.236242040992
0.258483439684 0.194714695215 0.0744256302714 0.472376227379

MOTIF conv1_filter24
letter-probability matrix: alength= 4 w= 19
0.154349893332 0.0826626196504 0.0475415252149 0.715445935726
0.192507505417 0.316126435995 0.324156731367 0.167209342122
0.248756125569 0.223842099309 0.346601307392 0.18080046773
0.671069025993 0.171873852611 0.0140667296946 0.142990410328
0.209702208638 0.307090073824 0.103259675205 0.379948049784
0.138417348266 0.288468569517 0.509987533092 0.0631265118718
0.152520671487 0.200629249215 0.240872174501 0.405977904797
0.323425024748 0.127624928951 0.0408831499517 0.508066892624
0.603899896145 0.258524179459 0.0847479328513 0.0528279803693
0.0829187110066 0.355564504862 0.250786572695 0.310730218887
0.0399868302047 0.292492866516 0.242939203978 0.424581110477
0.0747420787811 0.314681351185 0.106241308153 0.504335284233
0.315413028002 0.130844369531 0.0848393961787 0.468903183937
0.160532668233 0.459263175726 0.153764545918 0.226439595222
0.140831932425 0.405849844217 0.265054523945 0.188263699412
0.186745449901 0.0548035427928 0.0568888559937 0.701562166214
0.2438903898 0.228451743722 0.303943812847 0.223714053631
0.246176928282 0.282505303621 0.280200481415 0.191117286682
0.602290213108 0.203007251024 0.130917534232 0.0637850314379

MOTIF conv1_filter25
letter-probability matrix: alength= 4 w= 19
0.0418898314238 0.130360841751 0.356698840857 0.471050471067
0.212752655149 0.398979634047 0.169787719846 0.21848000586
0.180265054107 0.0775636285543 0.330466389656 0.411704927683
0.484381705523 0.25493568182 0.144063487649 0.116619102657
0.14605730772 0.236834898591 0.397865444422 0.219242349267
0.384299606085 0.105183936656 0.167617961764 0.342898458242
0.359885066748 0.284921228886 0.167520225048 0.187673479319
0.413659632206 0.153739392757 0.256968617439 0.175632357597
0.208413153887 0.524844586849 0.150123149157 0.116619102657
0.0454278886318 0.332460224628 0.311192780733 0.310919106007
0.100648969412 0.461179077625 0.253078699112 0.18509323895
0.0401892177761 0.0731850340962 0.314027130604 0.57259863615
0.278372883797 0.0959185287356 0.235114738345 0.390593856573
0.696743428707 0.0448610186577 0.0172016099095 0.241193950176
0.415106147528 0.186285629869 0.161538764834 0.237069472671
0.178447157145 0.0982055589557 0.324778139591 0.398569136858
0.444739818573 0.406778991222 0.0352828502655 0.113198325038
0.430137991905 0.0923804715276 0.323312103748 0.154169440269
0.650103628635 0.294421195984 0.0428671948612 0.012607999146

MOTIF conv1_filter26
letter-probability matrix: alength= 4 w= 19
0.0825235620141 0.28492602706 0.202060654759 0.430489778519
0.100444354117 0.418843686581 0.280677765608 0.200034186244
0.138580992818 0.227061867714 0.429366677999 0.20499047637
0.342546015978 0.446750342846 0.123223789036 0.0874798595905
0.342448353767 0.119878903031 0.387055039406 0.150617703795
0.739708960056 0.193173497915 0.0400410182774 0.0270765181631
0.433224290609 0.0393085591495 0.355901181698 0.17156599462
0.133722350001 0.168294355273 0.338029205799 0.359954088926
0.311904877424 0.286952495575 0.211240783334 0.189901843667
0.698276281357 0.0505151636899 0.125128179789 0.12608037889
0.300600618124 0.19915522635 0.287684947252 0.212559208274
0.613604187965 0.0249279756099 0.246423169971 0.115044683218
0.313613951206 0.0894574895501 0.452707648277 0.144220903516
0.46967625618 0.11101616174 0.349895000458 0.0694125667214
0.659211874008 0.0920210927725 0.0660432651639 0.182723760605
0.2476439327 0.256091594696 0.0160164069384 0.480248063803
0.337687373161 0.23192051053 0.415132582188 0.0152595341206
0.498657166958 0.0920699238777 0.211045458913 0.198227450252
0.28333902359 0.309512197971 0.0085209235549 0.398627877235

MOTIF conv1_filter27
letter-probability matrix: alength= 4 w= 19
0.0196325480938 0.394300371408 0.444767713547 0.141299366951
0.237583622336 0.0309035088867 0.24269220233 0.488820672035
0.235338583589 0.255085676908 0.254971146584 0.254604607821
0.157976731658 0.516837716103 0.101599007845 0.223586544394
0.2203335464 0.404975712299 0.0577522218227 0.316938519478
0.192889213562 0.258155405521 0.184298545122 0.364656835794
0.347681671381 0.171034544706 0.329148709774 0.152135074139
0.225235953927 0.00852194614708 0.16617795825 0.60006415844
0.0625859051943 0.211307615042 0.566251277924 0.159855216742
0.0548886656761 0.421630173922 0.12659214437 0.396889030933
0.566205441952 0.203610375524 0.0258636493236 0.204320535064
0.358494460583 0.35741776228 0.185833409429 0.0982543751597
0.332882791758 0.384839177132 0.181595340371 0.100682668388
0.613144874573 0.0177998710424 0.0464125350118 0.322642713785
0.0135388989002 0.24207367003 0.651722729206 0.0926647111773
0.269105643034 0.0643040388823 0.220585539937 0.446004778147
0.329790145159 0.137015491724 0.352836072445 0.180358290672
0.606180727482 0.0332859903574 0.112709611654 0.247823700309
0.197310552001 0.273458272219 0.441216886044 0.0880142971873

MOTIF conv1_filter28
letter-probability matrix: alength= 4 w= 19
0.505402088165 0.0827844366431 0.380348771811 0.0314647220075
0.5294033885 0.055584512651 0.137136906385 0.277875185013
0.0463915094733 0.444486558437 0.500094771385 0.00902715232223
0.383547365665 0.0578353777528 0.179334685206 0.379282563925
0.189025253057 0.130668625236 0.369283974171 0.311022132635
0.494740098715 0.250154018402 0.213855847716 0.0412500575185
0.477112263441 0.178102642298 0.0296403355896 0.315144777298
0.0504193715751 0.261811107397 0.274510741234 0.41325879097
0.240771457553 0.0561057664454 0.524285674095 0.178837135434
0.205373644829 0.0106619913131 0.446050316095 0.337914049625
0.129839360714 0.0335734263062 0.582049965858 0.254537284374
0.195280298591 0.167772352695 0.554186582565 0.0827607437968
0.463725537062 0.0410131253302 0.122423350811 0.372837990522
0.23167322576 0.409894317389 0.093943990767 0.264488458633
0.304861873388 0.369568318129 0.300597071648 0.0249727535993
0.495593041182 0.094370469451 0.171207889915 0.238828599453
0.205326259136 0.0787565782666 0.352343261242 0.363573908806
0.2692271173 0.226910859346 0.448846131563 0.0550158731639
0.259749799967 0.155688762665 0.454650998116 0.129910439253

MOTIF conv1_filter29
letter-probability matrix: alength= 4 w= 19
0.262161493301 0.102295473218 0.135767668486 0.499775350094
0.0684148147702 0.182677775621 0.442858308554 0.306049108505
0.319527834654 0.257648169994 0.223297804594 0.199526205659
0.0758485496044 0.158824488521 0.144242942333 0.621084034443
0.0966384857893 0.449087113142 0.402319967747 0.0519544184208
0.271719157696 0.013887187466 0.0325327776372 0.681860864162
0.336743861437 0.42562186718 0.19742269814 0.0402115769684
0.52328145504 0.334660798311 0.0576930940151 0.0843646600842
0.180104568601 0.365886539221 0.144447162747 0.309561729431
0.0804231539369 0.213760569692 0.174978554249 0.530837714672
0.3451782763 0.100988440216 0.167626515031 0.386206746101
0.0857942253351 0.0697218477726 0.435955554247 0.408528357744
0.099640570581 0.0383939892054 0.549483299255 0.312482118607
0.294122457504 0.0212188046426 0.304374456406 0.380284279585
0.319384872913 0.0524037070572 0.271392405033 0.35681900382
0.343054354191 0.228852674365 0.258914351463 0.169178619981
0.209533140063 0.405260801315 0.169832125306 0.215373933315
0.534738361835 0.161867424846 0.0313687063754 0.272025495768
0.0445002652705 0.458113789558 0.415574073792 0.0818118676543

MOTIF conv1_filter30
letter-probability matrix: alength= 4 w= 19
0.284706801176 0.222774207592 0.116812780499 0.375706225634
0.181901425123 0.401948183775 0.191135793924 0.225014612079
0.270368218422 0.309935718775 0.0590298064053 0.360666275024
0.150652647018 0.237969994545 0.0867134258151 0.524663925171
0.094739921391 0.256555616856 0.418975263834 0.22972920537
0.312799543142 0.0322618335485 0.103837914765 0.551100730896
0.0989479869604 0.484648346901 0.210559129715 0.205844536424
0.250905901194 0.364348322153 0.152074813843 0.232670947909
0.104188583791 0.199493467808 0.0437755696476 0.652542352676
0.119170077145 0.568205714226 0.211689069867 0.100935123861
0.591778695583 0.315371125937 0.0384375602007 0.05441262573
0.0681472793221 0.663004100323 0.158075198531 0.110773429275
0.363159954548 0.131735831499 0.00368205737323 0.501422166824
0.13171634078 0.662049472332 0.165478274226 0.0407558940351
0.527995347977 0.160841614008 0.0606662780046 0.250496774912
0.414552897215 0.388388842344 0.135242551565 0.0618157014251
0.367582321167 0.423806726933 0.0786674469709 0.12994350493
0.134891882539 0.465731531382 0.0450808480382 0.354295730591
0.235281512141 0.340892255306 0.108942136168 0.314884096384

MOTIF conv1_filter31
letter-probability matrix: alength= 4 w= 19
0.103967291189 0.229336089021 0.431384882659 0.235311737131
0.129951625706 0.517335370146 0.267346602567 0.0853664015815
0.0504260831798 0.389480463075 0.47835138009 0.0817420736547
0.0760360036543 0.304922795825 0.47808180198 0.140959398541
0.113372571925 0.500277066391 0.305761483279 0.0805888784053
0.0409758727591 0.40626918872 0.497341660302 0.0554132782196
0.0256248970361 0.391996525438 0.517664854503 0.0647137230235
0.126177532162 0.456425693789 0.349133605907 0.0682631681419
0.0411855446227 0.24795195519 0.630842731126 0.0800197690614
0.0486288957781 0.427281304758 0.484446840694 0.0396429587695
0.0862799718441 0.400218657801 0.458207904629 0.0552934657261
0.0794207065942 0.163588983241 0.679471626904 0.0775186832607
0.160698506837 0.417816117776 0.324542091627 0.0969432837609
0.121834329275 0.295936858816 0.45696485001 0.1252639619
0.121669587096 0.317548037322 0.359557292837 0.201225082746
0.120980665259 0.361204714622 0.379820580791 0.137994039328
0.11217444699 0.39264051759 0.359377574097 0.135807461323
0.131179703764 0.284060445403 0.36315166764 0.221608183193
0.178775216786 0.368063979872 0.284000539156 0.169160264187

MOTIF conv1_filter32
letter-probability matrix: alength= 4 w= 19
0.215821221471 0.296555310488 0.249842748046 0.237780734897
0.107781104743 0.0950715914369 0.146760642529 0.650386631489
0.262145251036 0.201576203108 0.262108266354 0.274170279503
0.203648209572 0.225570723414 0.228142231703 0.342638850212
0.236152738333 0.312150806189 0.0610500611365 0.390646398067
0.182151183486 0.171569168568 0.154345661402 0.491934001446
0.306600809097 0.030617531389 0.559403538704 0.103378102183
0.496947497129 0.0593480579555 0.28599178791 0.157712653279
0.110260106623 0.46853145957 0.129204124212 0.292004287243
0.421837419271 0.414936900139 0.0357420369983 0.12748362124
0.12184112519 0.313612312078 0.0628445595503 0.501702010632
0.174510672688 0.573593080044 0.202408701181 0.0494875498116
0.301402300596 0.0731860697269 0.00771450763568 0.617697119713
0.165001660585 0.443500936031 0.29659229517 0.0949050933123
0.137418136001 0.328523337841 0.0822325795889 0.451825946569
0.373848378658 0.323306322098 0.217430710793 0.0854145884514
