>CCGGAAGY	1-CCGGAAGY	6.700524	-803.064634	0	T:2851.0(14.26%),B:1954.7(4.69%),P:1e-348	Tpos:73.4,Tstd:37.5,Bpos:71.1,Bstd:54.6,StrandBias:-0.1,Multiplicity:1.26
0.063	0.695	0.235	0.007
0.158	0.759	0.058	0.025
0.001	0.062	0.925	0.012
0.064	0.033	0.892	0.011
0.922	0.034	0.013	0.031
0.813	0.009	0.058	0.120
0.228	0.219	0.528	0.025
0.072	0.341	0.120	0.467
>CTTCCGCS	2-CTTCCGCS	6.467276	-493.377938	0	T:2508.0(12.54%),B:2159.6(5.18%),P:1e-214	Tpos:78.3,Tstd:38.0,Bpos:72.1,Bstd:62.9,StrandBias:-0.4,Multiplicity:1.04
0.001	0.827	0.077	0.095
0.001	0.001	0.144	0.854
0.127	0.001	0.001	0.871
0.001	0.665	0.170	0.164
0.109	0.889	0.001	0.001
0.082	0.001	0.916	0.001
0.001	0.648	0.180	0.171
0.178	0.337	0.350	0.135
>CYGATTGG	3-CYGATTGG	6.894312	-398.335964	0	T:1997.0(9.98%),B:1690.5(4.05%),P:1e-172	Tpos:69.0,Tstd:37.9,Bpos:74.9,Bstd:52.9,StrandBias:-0.1,Multiplicity:1.30
0.114	0.501	0.196	0.189
0.021	0.497	0.023	0.458
0.001	0.251	0.630	0.118
0.902	0.001	0.052	0.045
0.075	0.001	0.043	0.881
0.106	0.029	0.017	0.848
0.011	0.074	0.875	0.040
0.064	0.039	0.869	0.028
>AGGAAGTG	4-AGGAAGTG	8.496609	-366.108653	0	T:2523.0(12.62%),B:2532.9(6.07%),P:1e-158	Tpos:76.0,Tstd:38.1,Bpos:73.2,Bstd:42.1,StrandBias:0.1,Multiplicity:1.07
0.749	0.137	0.113	0.001
0.001	0.001	0.997	0.001
0.001	0.001	0.997	0.001
0.997	0.001	0.001	0.001
0.832	0.001	0.001	0.166
0.001	0.001	0.997	0.001
0.191	0.001	0.001	0.807
0.001	0.001	0.997	0.001
>ATGAGTCA	5-ATGAGTCA	7.128801	-359.510422	0	T:3451.0(17.26%),B:4002.0(9.60%),P:1e-156	Tpos:70.1,Tstd:36.4,Bpos:73.3,Bstd:39.1,StrandBias:-0.0,Multiplicity:1.23
0.523	0.323	0.153	0.001
0.001	0.001	0.001	0.997
0.001	0.001	0.997	0.001
0.989	0.009	0.001	0.001
0.015	0.280	0.667	0.038
0.008	0.001	0.001	0.990
0.001	0.997	0.001	0.001
0.987	0.001	0.001	0.011
>TGATGCAA	6-TGATGCAA	8.750508	-341.988138	0	T:943.0(4.71%),B:496.0(1.19%),P:1e-148	Tpos:72.6,Tstd:37.2,Bpos:71.9,Bstd:45.0,StrandBias:-0.3,Multiplicity:1.01
0.001	0.001	0.001	0.997
0.001	0.001	0.997	0.001
0.997	0.001	0.001	0.001
0.001	0.145	0.001	0.853
0.001	0.001	0.997	0.001
0.001	0.883	0.001	0.115
0.997	0.001	0.001	0.001
0.997	0.001	0.001	0.001
>TCTCGCGA	7-TCTCGCGA	9.140372	-312.633920	0	T:491.0(2.46%),B:113.6(0.27%),P:1e-135	Tpos:67.2,Tstd:35.6,Bpos:86.5,Bstd:63.8,StrandBias:-0.5,Multiplicity:1.20
0.001	0.001	0.001	0.997
0.080	0.860	0.043	0.017
0.001	0.001	0.021	0.977
0.001	0.997	0.001	0.001
0.096	0.001	0.902	0.001
0.001	0.808	0.001	0.190
0.001	0.001	0.997	0.001
0.997	0.001	0.001	0.001
>TTCCGSGA	8-TTCCGSGA	5.463517	-263.762397	0	T:3178.0(15.89%),B:3953.3(9.48%),P:1e-114	Tpos:71.9,Tstd:39.1,Bpos:71.2,Bstd:55.1,StrandBias:-0.2,Multiplicity:1.13
0.133	0.001	0.001	0.865
0.001	0.112	0.001	0.886
0.151	0.596	0.001	0.252
0.001	0.619	0.120	0.260
0.074	0.263	0.533	0.130
0.156	0.395	0.447	0.001
0.001	0.263	0.626	0.110
0.440	0.152	0.178	0.230
>ATTGGCSG	9-ATTGGCSG	6.600324	-261.634267	0	T:1557.0(7.79%),B:1436.5(3.44%),P:1e-113	Tpos:72.3,Tstd:38.4,Bpos:77.1,Bstd:58.4,StrandBias:-0.1,Multiplicity:1.02
0.807	0.059	0.100	0.034
0.036	0.069	0.044	0.851
0.001	0.053	0.001	0.945
0.034	0.137	0.736	0.093
0.022	0.055	0.922	0.001
0.026	0.790	0.034	0.150
0.001	0.472	0.338	0.189
0.126	0.026	0.770	0.078
>CACGTGAC	10-CACGTGAC	7.725407	-236.985579	0	T:1055.0(5.27%),B:818.7(1.96%),P:1e-102	Tpos:68.0,Tstd:37.6,Bpos:74.9,Bstd:56.2,StrandBias:0.4,Multiplicity:1.04
0.058	0.812	0.111	0.019
0.934	0.022	0.043	0.001
0.001	0.812	0.001	0.186
0.119	0.001	0.879	0.001
0.001	0.001	0.017	0.981
0.001	0.001	0.992	0.006
0.947	0.001	0.033	0.019
0.001	0.970	0.001	0.028
>CYCCCCCH	11-CYCCCCCH	6.910658	-193.019470	0	T:4522.0(22.61%),B:6699.6(16.07%),P:1e-83	Tpos:68.7,Tstd:38.0,Bpos:71.8,Bstd:68.4,StrandBias:-0.1,Multiplicity:1.50
0.036	0.853	0.001	0.110
0.223	0.396	0.001	0.380
0.223	0.774	0.002	0.001
0.022	0.769	0.111	0.098
0.001	0.603	0.377	0.019
0.051	0.837	0.073	0.039
0.052	0.774	0.075	0.099
0.260	0.371	0.024	0.346
>GCATGCGC	12-GCATGCGC	10.724273	-189.566865	0	T:379.0(1.90%),B:134.0(0.32%),P:1e-82	Tpos:71.0,Tstd:37.2,Bpos:79.2,Bstd:57.5,StrandBias:-0.5,Multiplicity:1.13
0.048	0.001	0.950	0.001
0.001	0.997	0.001	0.001
0.997	0.001	0.001	0.001
0.001	0.001	0.001	0.997
0.001	0.001	0.997	0.001
0.001	0.997	0.001	0.001
0.001	0.001	0.896	0.102
0.001	0.827	0.001	0.171
>AAGCGGAA	13-AAGCGGAA	6.723348	-189.261056	0	T:484.0(2.42%),B:234.4(0.56%),P:1e-82	Tpos:77.7,Tstd:39.6,Bpos:77.4,Bstd:48.8,StrandBias:-0.1,Multiplicity:1.00
0.997	0.001	0.001	0.001
0.997	0.001	0.001	0.001
0.001	0.085	0.913	0.001
0.001	0.997	0.001	0.001
0.001	0.001	0.997	0.001
0.152	0.001	0.846	0.001
0.997	0.001	0.001	0.001
0.997	0.001	0.001	0.001
>ATGGCGGC	14-ATGGCGGC	7.767003	-159.023212	0	T:552.0(2.76%),B:356.1(0.85%),P:1e-69	Tpos:76.1,Tstd:41.7,Bpos:67.4,Bstd:67.2,StrandBias:-0.6,Multiplicity:1.03
0.997	0.001	0.001	0.001
0.001	0.001	0.001	0.997
0.001	0.001	0.997	0.001
0.001	0.001	0.997	0.001
0.001	0.997	0.001	0.001
0.001	0.105	0.893	0.001
0.064	0.001	0.934	0.001
0.281	0.640	0.001	0.078
>AAGATGGC	15-AAGATGGC	9.733721	-132.135328	0	T:615.0(3.08%),B:489.1(1.17%),P:1e-57	Tpos:79.9,Tstd:40.3,Bpos:71.5,Bstd:42.1,StrandBias:-0.5,Multiplicity:1.02
0.997	0.001	0.001	0.001
0.997	0.001	0.001	0.001
0.263	0.001	0.735	0.001
0.997	0.001	0.001	0.001
0.001	0.001	0.001	0.997
0.001	0.001	0.997	0.001
0.001	0.001	0.997	0.001
0.001	0.997	0.001	0.001
>ATGTMGTC	16-ATGTMGTC	7.188472	-118.827118	0	T:781.0(3.91%),B:751.3(1.80%),P:1e-51	Tpos:73.1,Tstd:38.7,Bpos:71.2,Bstd:44.6,StrandBias:-0.4,Multiplicity:1.10
0.874	0.068	0.020	0.038
0.001	0.049	0.001	0.949
0.001	0.063	0.931	0.005
0.157	0.001	0.178	0.664
0.366	0.464	0.169	0.001
0.001	0.150	0.848	0.001
0.069	0.001	0.361	0.569
0.176	0.822	0.001	0.001
>TGACGTCA	17-TGACGTCA	7.194452	-117.206662	0	T:1128.0(5.64%),B:1275.2(3.06%),P:1e-50	Tpos:72.2,Tstd:38.5,Bpos:73.7,Bstd:51.5,StrandBias:-0.4,Multiplicity:1.13
0.001	0.001	0.039	0.959
0.001	0.001	0.997	0.001
0.833	0.001	0.001	0.165
0.001	0.662	0.172	0.165
0.001	0.001	0.997	0.001
0.001	0.116	0.001	0.882
0.018	0.953	0.001	0.028
0.882	0.001	0.046	0.071
>TTTCGTGT	18-TTTCGTGT	8.097638	-69.621158	0	T:717.0(3.58%),B:830.9(1.99%),P:1e-30	Tpos:74.0,Tstd:38.1,Bpos:74.2,Bstd:39.3,StrandBias:0.9,Multiplicity:1.33
0.001	0.043	0.162	0.794
0.121	0.260	0.176	0.443
0.025	0.086	0.044	0.845
0.001	0.997	0.001	0.001
0.001	0.386	0.612	0.001
0.001	0.317	0.056	0.626
0.043	0.021	0.935	0.001
0.045	0.001	0.021	0.933
>AATCCGGG	19-AATCCGGG	7.272494	-52.021317	0	T:487.0(2.44%),B:546.1(1.31%),P:1e-22	Tpos:62.5,Tstd:37.9,Bpos:71.0,Bstd:53.7,StrandBias:0.4,Multiplicity:1.00
0.596	0.356	0.001	0.047
0.733	0.064	0.043	0.160
0.110	0.001	0.001	0.888
0.001	0.733	0.042	0.224
0.001	0.997	0.001	0.001
0.001	0.001	0.997	0.001
0.113	0.233	0.612	0.042
0.232	0.043	0.688	0.037
>BGCGTRCG	20-BGCGTRCG	4.343945	-51.891786	0	T:2433.0(12.16%),B:3979.6(9.54%),P:1e-22	Tpos:73.7,Tstd:39.6,Bpos:68.9,Bstd:76.8,StrandBias:0.0,Multiplicity:1.38
0.146	0.282	0.325	0.248
0.218	0.188	0.413	0.181
0.108	0.677	0.115	0.100
0.218	0.158	0.404	0.220
0.062	0.362	0.006	0.570
0.336	0.177	0.369	0.118
0.112	0.622	0.232	0.034
0.123	0.037	0.721	0.119
>ATGAAATC	21-ATGAAATC	10.958391	-48.541406	0	T:254.0(1.27%),B:219.1(0.53%),P:1e-21	Tpos:71.5,Tstd:37.2,Bpos:69.8,Bstd:37.5,StrandBias:-0.1,Multiplicity:1.00
0.997	0.001	0.001	0.001
0.001	0.001	0.001	0.997
0.001	0.001	0.997	0.001
0.895	0.103	0.001	0.001
0.997	0.001	0.001	0.001
0.997	0.001	0.001	0.001
0.001	0.001	0.001	0.997
0.001	0.997	0.001	0.001
>CGGCCCTA	22-CGGCCCTA	8.236954	-48.069374	0	T:90.0(0.45%),B:30.9(0.07%),P:1e-20	Tpos:77.9,Tstd:35.6,Bpos:53.7,Bstd:65.9,StrandBias:-1.2,Multiplicity:1.00
0.100	0.700	0.100	0.100
0.100	0.100	0.700	0.100
0.100	0.100	0.700	0.100
0.100	0.700	0.100	0.100
0.100	0.700	0.100	0.100
0.100	0.700	0.100	0.100
0.100	0.100	0.100	0.700
0.700	0.100	0.100	0.100
>TACTAGTC	23-TACTAGTC	8.236954	-38.531840	0	T:87.0(0.43%),B:38.2(0.09%),P:1e-16	Tpos:72.6,Tstd:37.6,Bpos:84.7,Bstd:44.4,StrandBias:-1.3,Multiplicity:1.00
0.100	0.100	0.100	0.700
0.700	0.100	0.100	0.100
0.100	0.700	0.100	0.100
0.100	0.100	0.100	0.700
0.700	0.100	0.100	0.100
0.100	0.100	0.700	0.100
0.100	0.100	0.100	0.700
0.100	0.700	0.100	0.100
>GGGGGAGT	24-GGGGGAGT	8.236954	-6.355047	0	T:151.0(0.76%),B:230.8(0.55%),P:1e-2	Tpos:94.7,Tstd:34.8,Bpos:60.9,Bstd:33.0,StrandBias:-1.7,Multiplicity:1.15
0.100	0.100	0.700	0.100
0.100	0.100	0.700	0.100
0.100	0.100	0.700	0.100
0.100	0.100	0.700	0.100
0.100	0.100	0.700	0.100
0.700	0.100	0.100	0.100
0.100	0.100	0.700	0.100
0.100	0.100	0.100	0.700
>AAAAAAAA	25-AAAAAAAA	8.236954	-6.149235	0	T:906.0(4.53%),B:1681.8(4.03%),P:1e-2	Tpos:69.6,Tstd:41.4,Bpos:72.2,Bstd:44.2,StrandBias:0.5,Multiplicity:1.05
0.700	0.100	0.100	0.100
0.700	0.100	0.100	0.100
0.700	0.100	0.100	0.100
0.700	0.100	0.100	0.100
0.700	0.100	0.100	0.100
0.700	0.100	0.100	0.100
0.700	0.100	0.100	0.100
0.700	0.100	0.100	0.100
