>CSACTTCCGG	1-CSACTTCCGG	6.596913	-788.296343	0	T:3093.0(15.47%),B:2292.2(5.50%),P:1e-342	Tpos:72.5,Tstd:37.0,Bpos:73.1,Bstd:56.6,StrandBias:-0.0,Multiplicity:1.30
0.184	0.459	0.148	0.209
0.126	0.328	0.368	0.178
0.516	0.113	0.240	0.131
0.004	0.730	0.149	0.117
0.120	0.001	0.033	0.846
0.011	0.006	0.016	0.967
0.001	0.977	0.021	0.001
0.025	0.882	0.005	0.088
0.009	0.078	0.851	0.062
0.004	0.190	0.734	0.072
>ATKDCATCAB	2-ATKDCATCAB	8.319746	-514.786077	0	T:1539.0(7.70%),B:887.0(2.13%),P:1e-223	Tpos:70.8,Tstd:36.6,Bpos:71.3,Bstd:40.7,StrandBias:0.2,Multiplicity:1.05
0.529	0.130	0.340	0.001
0.001	0.001	0.001	0.997
0.001	0.001	0.433	0.565
0.314	0.001	0.385	0.300
0.100	0.683	0.216	0.001
0.641	0.001	0.357	0.001
0.001	0.001	0.001	0.997
0.001	0.997	0.001	0.001
0.943	0.055	0.001	0.001
0.001	0.308	0.282	0.409
>GRCCAATCRG	3-GRCCAATCRG	8.137617	-449.806529	0	T:1555.0(7.78%),B:1014.1(2.43%),P:1e-195	Tpos:67.8,Tstd:37.1,Bpos:76.1,Bstd:57.6,StrandBias:0.0,Multiplicity:1.22
0.137	0.257	0.586	0.020
0.430	0.001	0.346	0.222
0.001	0.997	0.001	0.001
0.001	0.997	0.001	0.001
0.997	0.001	0.001	0.001
0.997	0.001	0.001	0.001
0.001	0.001	0.001	0.997
0.019	0.604	0.376	0.001
0.398	0.058	0.486	0.058
0.001	0.116	0.645	0.238
>NNVTGASTCA	4-NNVTGASTCA	6.832664	-381.281008	0	T:2881.0(14.41%),B:3025.6(7.26%),P:1e-165	Tpos:70.5,Tstd:36.0,Bpos:73.0,Bstd:38.5,StrandBias:-0.2,Multiplicity:1.19
0.274	0.265	0.176	0.285
0.250	0.281	0.237	0.232
0.333	0.325	0.286	0.056
0.118	0.127	0.109	0.646
0.122	0.132	0.631	0.115
0.728	0.138	0.001	0.133
0.062	0.401	0.436	0.101
0.093	0.144	0.108	0.655
0.076	0.699	0.128	0.097
0.857	0.001	0.001	0.141
>TCTCGCGAGA	5-TCTCGCGAGA	8.605238	-315.751796	0	T:460.0(2.30%),B:89.9(0.22%),P:1e-137	Tpos:68.3,Tstd:34.9,Bpos:82.8,Bstd:62.9,StrandBias:0.5,Multiplicity:1.24
0.001	0.065	0.124	0.810
0.394	0.583	0.001	0.022
0.001	0.067	0.234	0.698
0.017	0.889	0.093	0.001
0.310	0.009	0.680	0.001
0.091	0.882	0.026	0.001
0.009	0.029	0.958	0.004
0.740	0.027	0.133	0.100
0.009	0.080	0.910	0.001
0.854	0.005	0.004	0.137
>TGCGCATGCG	6-TGCGCATGCG	7.522908	-299.204763	0	T:1359.0(6.79%),B:1072.7(2.57%),P:1e-129	Tpos:73.2,Tstd:37.2,Bpos:71.5,Bstd:68.8,StrandBias:0.1,Multiplicity:1.28
0.090	0.150	0.214	0.546
0.198	0.145	0.656	0.001
0.146	0.852	0.001	0.001
0.031	0.043	0.907	0.019
0.001	0.997	0.001	0.001
0.588	0.083	0.036	0.293
0.067	0.055	0.098	0.780
0.001	0.257	0.741	0.001
0.001	0.997	0.001	0.001
0.001	0.001	0.810	0.188
>ACAGGAAGTG	7-ACAGGAAGTG	7.639186	-289.649478	0	T:2290.0(11.45%),B:2429.2(5.83%),P:1e-125	Tpos:75.9,Tstd:38.1,Bpos:73.3,Bstd:41.1,StrandBias:0.0,Multiplicity:1.13
0.610	0.048	0.205	0.137
0.046	0.843	0.075	0.036
0.945	0.001	0.019	0.035
0.048	0.018	0.910	0.024
0.017	0.043	0.877	0.063
0.831	0.042	0.086	0.041
0.782	0.038	0.049	0.131
0.113	0.042	0.744	0.101
0.126	0.105	0.080	0.689
0.101	0.051	0.767	0.081
>GTCACGTGAC	8-GTCACGTGAC	8.210066	-273.624975	0	T:732.0(3.66%),B:372.5(0.89%),P:1e-118	Tpos:69.0,Tstd:36.3,Bpos:73.0,Bstd:57.0,StrandBias:-0.2,Multiplicity:1.05
0.001	0.001	0.997	0.001
0.001	0.093	0.101	0.805
0.001	0.612	0.208	0.179
0.840	0.158	0.001	0.001
0.001	0.744	0.037	0.218
0.219	0.001	0.779	0.001
0.075	0.153	0.075	0.697
0.001	0.070	0.928	0.001
0.721	0.099	0.179	0.001
0.048	0.860	0.001	0.091
>GGCYCCACCC	9-GGCYCCACCC	7.257252	-269.497227	0	T:4090.0(20.45%),B:5480.4(13.14%),P:1e-117	Tpos:71.0,Tstd:38.3,Bpos:71.8,Bstd:61.8,StrandBias:0.0,Multiplicity:1.21
0.083	0.175	0.696	0.046
0.179	0.046	0.709	0.066
0.005	0.764	0.001	0.230
0.050	0.482	0.012	0.456
0.173	0.699	0.001	0.127
0.001	0.989	0.001	0.009
0.600	0.001	0.216	0.183
0.058	0.915	0.001	0.026
0.038	0.898	0.058	0.006
0.008	0.743	0.001	0.248
>TGATTGGTYG	10-TGATTGGTYG	7.943000	-241.391529	0	T:940.0(4.70%),B:664.4(1.59%),P:1e-104	Tpos:70.4,Tstd:36.8,Bpos:79.8,Bstd:45.1,StrandBias:-0.4,Multiplicity:1.06
0.001	0.001	0.083	0.915
0.095	0.073	0.654	0.178
0.997	0.001	0.001	0.001
0.001	0.083	0.001	0.915
0.121	0.001	0.001	0.877
0.001	0.001	0.997	0.001
0.001	0.001	0.997	0.001
0.009	0.205	0.184	0.602
0.177	0.368	0.122	0.332
0.001	0.063	0.847	0.089
>TTCGCTCCGC	11-TTCGCTCCGC	7.969023	-236.935309	0	T:684.0(3.42%),B:375.1(0.90%),P:1e-102	Tpos:68.2,Tstd:39.2,Bpos:67.6,Bstd:69.7,StrandBias:0.1,Multiplicity:1.01
0.094	0.131	0.165	0.610
0.065	0.060	0.076	0.799
0.099	0.769	0.034	0.098
0.094	0.050	0.796	0.060
0.002	0.952	0.033	0.013
0.076	0.101	0.040	0.783
0.038	0.832	0.061	0.069
0.088	0.726	0.159	0.027
0.018	0.036	0.900	0.046
0.105	0.833	0.035	0.027
>ACTACATTTC	12-ACTACATTTC	7.395932	-234.402876	0	T:523.0(2.61%),B:215.0(0.52%),P:1e-101	Tpos:66.5,Tstd:37.2,Bpos:78.4,Bstd:45.4,StrandBias:0.2,Multiplicity:1.03
0.997	0.001	0.001	0.001
0.001	0.978	0.020	0.001
0.001	0.006	0.100	0.893
0.997	0.001	0.001	0.001
0.001	0.997	0.001	0.001
0.997	0.001	0.001	0.001
0.260	0.138	0.160	0.442
0.001	0.260	0.129	0.610
0.001	0.001	0.001	0.997
0.001	0.997	0.001	0.001
>AAGATGGCGG	13-AAGATGGCGG	8.441579	-219.025742	0	T:492.0(2.46%),B:204.6(0.49%),P:1e-95	Tpos:80.2,Tstd:40.3,Bpos:72.4,Bstd:47.7,StrandBias:-0.5,Multiplicity:1.03
0.991	0.001	0.007	0.001
0.989	0.005	0.001	0.005
0.213	0.050	0.736	0.001
0.997	0.001	0.001	0.001
0.001	0.006	0.001	0.992
0.001	0.022	0.976	0.001
0.001	0.020	0.978	0.001
0.001	0.997	0.001	0.001
0.026	0.124	0.773	0.077
0.013	0.124	0.862	0.001
>GRGGGGGGGG	14-GRGGGGGGGG	7.478678	-185.050148	0	T:3612.0(18.06%),B:5111.1(12.26%),P:1e-80	Tpos:69.3,Tstd:37.6,Bpos:72.2,Bstd:71.3,StrandBias:0.2,Multiplicity:1.40
0.366	0.015	0.617	0.002
0.428	0.019	0.411	0.143
0.223	0.001	0.741	0.035
0.001	0.033	0.965	0.001
0.001	0.171	0.821	0.007
0.024	0.137	0.767	0.072
0.001	0.192	0.742	0.065
0.082	0.001	0.841	0.076
0.138	0.001	0.860	0.001
0.183	0.224	0.560	0.033
>DTTCYNRGAA	15-DTTCYNRGAA	6.846197	-140.234472	0	T:985.0(4.92%),B:978.4(2.35%),P:1e-60	Tpos:76.6,Tstd:37.3,Bpos:73.1,Bstd:36.3,StrandBias:-0.0,Multiplicity:1.12
0.308	0.098	0.321	0.274
0.030	0.017	0.013	0.940
0.057	0.095	0.011	0.837
0.053	0.794	0.077	0.076
0.004	0.434	0.023	0.539
0.274	0.260	0.190	0.277
0.453	0.002	0.533	0.012
0.067	0.062	0.811	0.060
0.815	0.049	0.054	0.082
0.845	0.031	0.063	0.061
>TAGTAACCAC	16-TAGTAACCAC	8.740575	-98.866720	0	T:117.0(0.58%),B:12.2(0.03%),P:1e-42	Tpos:71.8,Tstd:37.2,Bpos:70.0,Bstd:29.1,StrandBias:3.0,Multiplicity:1.00
0.001	0.001	0.001	0.997
0.997	0.001	0.001	0.001
0.001	0.001	0.917	0.081
0.001	0.001	0.001	0.997
0.997	0.001	0.001	0.001
0.917	0.081	0.001	0.001
0.001	0.997	0.001	0.001
0.001	0.997	0.001	0.001
0.928	0.001	0.001	0.070
0.001	0.997	0.001	0.001
>TCGGTGGCGT	17-TCGGTGGCGT	7.816752	-72.749197	0	T:368.0(1.84%),B:309.3(0.74%),P:1e-31	Tpos:70.9,Tstd:37.6,Bpos:67.9,Bstd:46.1,StrandBias:1.4,Multiplicity:1.03
0.050	0.026	0.117	0.807
0.061	0.782	0.050	0.107
0.094	0.052	0.756	0.098
0.029	0.027	0.930	0.014
0.076	0.133	0.118	0.673
0.063	0.113	0.810	0.014
0.067	0.097	0.750	0.086
0.035	0.815	0.046	0.104
0.017	0.018	0.787	0.178
0.018	0.066	0.021	0.895
>GTGCGTGCGT	18-GTGCGTGCGT	7.543046	-69.400101	0	T:494.0(2.47%),B:494.7(1.19%),P:1e-30	Tpos:69.9,Tstd:39.6,Bpos:69.6,Bstd:69.8,StrandBias:0.0,Multiplicity:1.08
0.001	0.109	0.741	0.149
0.074	0.001	0.103	0.822
0.138	0.079	0.696	0.087
0.001	0.997	0.001	0.001
0.093	0.078	0.732	0.097
0.003	0.092	0.001	0.904
0.080	0.115	0.720	0.085
0.001	0.953	0.045	0.001
0.001	0.113	0.748	0.138
0.001	0.256	0.061	0.682
>AGCGGTCTGT	19-AGCGGTCTGT	9.188161	-68.974285	0	T:124.0(0.62%),B:38.3(0.09%),P:1e-29	Tpos:78.7,Tstd:36.7,Bpos:73.6,Bstd:37.4,StrandBias:-0.2,Multiplicity:1.00
0.997	0.001	0.001	0.001
0.001	0.001	0.703	0.295
0.001	0.968	0.001	0.030
0.001	0.001	0.997	0.001
0.001	0.001	0.997	0.001
0.001	0.001	0.329	0.669
0.012	0.749	0.001	0.238
0.102	0.001	0.001	0.896
0.001	0.001	0.997	0.001
0.001	0.001	0.001	0.997
>TTMGGGCCGT	20-TTMGGGCCGT	9.951614	-67.725444	0	T:141.0(0.70%),B:54.1(0.13%),P:1e-29	Tpos:78.7,Tstd:35.4,Bpos:62.0,Bstd:50.8,StrandBias:1.5,Multiplicity:1.00
0.393	0.039	0.001	0.567
0.001	0.001	0.013	0.985
0.512	0.486	0.001	0.001
0.001	0.001	0.997	0.001
0.001	0.001	0.997	0.001
0.001	0.001	0.997	0.001
0.001	0.997	0.001	0.001
0.001	0.713	0.001	0.285
0.001	0.171	0.827	0.001
0.001	0.018	0.400	0.581
>CCCTGTCAAA	21-CCCTGTCAAA	9.693690	-58.652708	0	T:74.0(0.37%),B:10.7(0.03%),P:1e-25	Tpos:72.1,Tstd:31.6,Bpos:93.4,Bstd:34.8,StrandBias:-0.3,Multiplicity:1.00
0.001	0.997	0.001	0.001
0.001	0.997	0.001	0.001
0.001	0.980	0.018	0.001
0.001	0.118	0.001	0.880
0.001	0.001	0.997	0.001
0.001	0.001	0.001	0.997
0.001	0.997	0.001	0.001
0.997	0.001	0.001	0.001
0.997	0.001	0.001	0.001
0.997	0.001	0.001	0.001
>GTTGGCGGTC	22-GTTGGCGGTC	10.187407	-57.517760	0	T:101.0(0.51%),B:30.3(0.07%),P:1e-24	Tpos:64.2,Tstd:36.1,Bpos:51.3,Bstd:50.1,StrandBias:-1.2,Multiplicity:1.55
0.160	0.106	0.733	0.001
0.012	0.087	0.001	0.900
0.001	0.004	0.344	0.651
0.001	0.347	0.651	0.001
0.001	0.001	0.997	0.001
0.001	0.893	0.105	0.001
0.337	0.001	0.661	0.001
0.001	0.001	0.949	0.049
0.045	0.001	0.113	0.841
0.001	0.685	0.313	0.001
>ATCTCGTGTT	23-ATCTCGTGTT	13.645951	-27.471803	0	T:27.0(0.14%),B:1.5(0.00%),P:1e-11	Tpos:69.1,Tstd:37.4,Bpos:82.1,Bstd:28.2,StrandBias:7.0,Multiplicity:4.85
0.997	0.001	0.001	0.001
0.001	0.001	0.001	0.997
0.001	0.997	0.001	0.001
0.001	0.001	0.001	0.997
0.001	0.827	0.001	0.171
0.001	0.001	0.997	0.001
0.001	0.001	0.001	0.997
0.001	0.001	0.997	0.001
0.001	0.001	0.001	0.997
0.001	0.001	0.001	0.997
>TGTCCTGACC	24-TGTCCTGACC	11.810949	-26.738999	0	T:41.0(0.21%),B:10.0(0.02%),P:1e-11	Tpos:62.2,Tstd:37.1,Bpos:88.6,Bstd:30.2,StrandBias:3.3,Multiplicity:1.85
0.001	0.001	0.001	0.997
0.001	0.001	0.997	0.001
0.001	0.001	0.001	0.997
0.001	0.997	0.001	0.001
0.001	0.997	0.001	0.001
0.001	0.001	0.001	0.997
0.001	0.001	0.997	0.001
0.997	0.001	0.001	0.001
0.001	0.997	0.001	0.001
0.132	0.866	0.001	0.001
>AAAAAAAAAA	25-AAAAAAAAAA	8.232954	-9.833494	0	T:732.0(3.66%),B:1276.5(3.06%),P:1e-4	Tpos:69.5,Tstd:40.7,Bpos:72.1,Bstd:43.6,StrandBias:0.5,Multiplicity:1.04
0.910	0.046	0.043	0.001
0.997	0.001	0.001	0.001
0.997	0.001	0.001	0.001
0.997	0.001	0.001	0.001
0.997	0.001	0.001	0.001
0.997	0.001	0.001	0.001
0.997	0.001	0.001	0.001
0.997	0.001	0.001	0.001
0.947	0.001	0.051	0.001
0.908	0.001	0.090	0.001
>NCCGGAAGTGGC	1-NCCGGAAGTGGC	8.207625	-748.205407	0	T:1483.0(7.41%),B:530.5(1.27%),P:1e-324	Tpos:73.9,Tstd:36.9,Bpos:69.1,Bstd:56.6,StrandBias:-0.0,Multiplicity:1.29
0.249	0.291	0.253	0.207
0.082	0.555	0.338	0.025
0.001	0.997	0.001	0.001
0.001	0.001	0.997	0.001
0.007	0.001	0.991	0.001
0.929	0.052	0.018	0.001
0.924	0.012	0.053	0.011
0.152	0.031	0.816	0.001
0.121	0.243	0.054	0.582
0.162	0.233	0.429	0.177
0.117	0.202	0.515	0.166
0.119	0.482	0.176	0.223
>VNSTGAYGHAAY	2-VNSTGAYGHAAY	7.779292	-561.273522	0	T:1504.0(7.52%),B:778.1(1.87%),P:1e-243	Tpos:72.6,Tstd:35.3,Bpos:71.9,Bstd:45.1,StrandBias:-0.4,Multiplicity:1.03
0.240	0.350	0.266	0.143
0.229	0.281	0.278	0.212
0.247	0.307	0.440	0.006
0.023	0.032	0.040	0.905
0.006	0.026	0.947	0.021
0.882	0.028	0.065	0.025
0.008	0.524	0.011	0.457
0.028	0.101	0.727	0.144
0.251	0.364	0.001	0.384
0.682	0.196	0.031	0.091
0.880	0.046	0.040	0.034
0.011	0.317	0.240	0.432
>RCCAATSAGVVN	3-RCCAATSAGVVN	7.949441	-460.132827	0	T:1876.0(9.38%),B:1391.3(3.34%),P:1e-199	Tpos:68.0,Tstd:37.0,Bpos:74.5,Bstd:52.6,StrandBias:0.0,Multiplicity:1.28
0.408	0.005	0.430	0.157
0.001	0.997	0.001	0.001
0.009	0.989	0.001	0.001
0.997	0.001	0.001	0.001
0.947	0.051	0.001	0.001
0.001	0.001	0.001	0.997
0.001	0.525	0.473	0.001
0.588	0.068	0.343	0.001
0.140	0.166	0.513	0.181
0.325	0.206	0.311	0.158
0.222	0.218	0.357	0.202
0.263	0.263	0.306	0.169
>DVTGASTCABCN	4-DVTGASTCABCN	9.513116	-459.489549	0	T:2014.0(10.07%),B:1571.3(3.77%),P:1e-199	Tpos:69.1,Tstd:35.2,Bpos:74.2,Bstd:37.5,StrandBias:-0.0,Multiplicity:1.16
0.248	0.157	0.367	0.228
0.318	0.357	0.324	0.001
0.001	0.001	0.005	0.993
0.001	0.001	0.997	0.001
0.997	0.001	0.001	0.001
0.010	0.485	0.504	0.001
0.021	0.001	0.005	0.973
0.056	0.937	0.006	0.001
0.965	0.001	0.010	0.024
0.017	0.335	0.287	0.360
0.237	0.411	0.209	0.142
0.231	0.322	0.260	0.187
>GCHCCGCCYMCN	5-GCHCCGCCYMCN	8.911954	-364.608723	0	T:3233.0(16.16%),B:3633.9(8.71%),P:1e-158	Tpos:68.9,Tstd:37.7,Bpos:76.6,Bstd:64.3,StrandBias:0.3,Multiplicity:1.17
0.004	0.054	0.941	0.001
0.132	0.608	0.259	0.001
0.316	0.376	0.001	0.307
0.001	0.997	0.001	0.001
0.001	0.997	0.001	0.001
0.261	0.001	0.533	0.205
0.001	0.997	0.001	0.001
0.001	0.949	0.049	0.001
0.001	0.572	0.001	0.426
0.410	0.392	0.001	0.197
0.115	0.522	0.166	0.197
0.280	0.300	0.189	0.230
>MTGCGCATGCGC	6-MTGCGCATGCGC	8.893654	-355.791237	0	T:976.0(4.88%),B:511.4(1.23%),P:1e-154	Tpos:72.2,Tstd:36.6,Bpos:71.6,Bstd:67.3,StrandBias:0.1,Multiplicity:1.19
0.314	0.390	0.206	0.090
0.026	0.106	0.129	0.739
0.073	0.001	0.925	0.001
0.129	0.858	0.012	0.001
0.004	0.012	0.982	0.002
0.001	0.997	0.001	0.001
0.724	0.170	0.090	0.016
0.076	0.040	0.080	0.804
0.010	0.034	0.955	0.001
0.002	0.962	0.015	0.021
0.001	0.012	0.903	0.084
0.001	0.837	0.053	0.109
>TCTCGCGAKAGT	7-TCTCGCGAKAGT	9.322637	-308.704111	0	T:355.0(1.77%),B:31.7(0.08%),P:1e-134	Tpos:66.2,Tstd:35.1,Bpos:72.7,Bstd:74.4,StrandBias:-0.2,Multiplicity:1.03
0.059	0.018	0.009	0.914
0.046	0.841	0.106	0.007
0.017	0.070	0.027	0.886
0.060	0.764	0.088	0.088
0.029	0.061	0.873	0.037
0.023	0.746	0.073	0.158
0.045	0.143	0.752	0.060
0.822	0.085	0.056	0.037
0.053	0.043	0.446	0.459
0.726	0.075	0.146	0.053
0.174	0.229	0.437	0.159
0.036	0.092	0.087	0.785
>ACTACADTTCCC	8-ACTACADTTCCC	11.151510	-290.644680	0	T:466.0(2.33%),B:112.9(0.27%),P:1e-126	Tpos:67.5,Tstd:35.9,Bpos:80.7,Bstd:44.9,StrandBias:0.5,Multiplicity:1.03
0.850	0.125	0.019	0.006
0.012	0.944	0.001	0.043
0.019	0.280	0.019	0.682
0.965	0.001	0.028	0.006
0.008	0.955	0.031	0.006
0.867	0.075	0.044	0.014
0.379	0.077	0.238	0.307
0.006	0.354	0.083	0.557
0.033	0.049	0.006	0.912
0.018	0.944	0.001	0.037
0.006	0.987	0.006	0.001
0.014	0.963	0.001	0.022
>GTCAYGTGACCA	9-GTCAYGTGACCA	8.975284	-239.264757	0	T:643.0(3.21%),B:328.5(0.79%),P:1e-103	Tpos:68.5,Tstd:35.4,Bpos:72.2,Bstd:62.4,StrandBias:0.4,Multiplicity:1.07
0.042	0.014	0.934	0.010
0.002	0.178	0.101	0.719
0.002	0.956	0.003	0.039
0.866	0.050	0.058	0.026
0.002	0.463	0.002	0.533
0.225	0.048	0.726	0.001
0.007	0.001	0.009	0.983
0.001	0.016	0.978	0.005
0.562	0.112	0.216	0.110
0.045	0.902	0.005	0.048
0.143	0.722	0.001	0.134
0.438	0.272	0.125	0.165
>AGGAAGTGRVGN	10-AGGAAGTGRVGN	8.565395	-220.888394	0	T:1634.0(8.17%),B:1671.4(4.01%),P:1e-95	Tpos:74.0,Tstd:37.1,Bpos:73.5,Bstd:41.6,StrandBias:-0.2,Multiplicity:1.13
0.576	0.002	0.226	0.196
0.035	0.001	0.956	0.008
0.002	0.001	0.803	0.194
0.721	0.001	0.277	0.001
0.868	0.001	0.117	0.014
0.318	0.043	0.638	0.001
0.326	0.041	0.001	0.632
0.001	0.002	0.993	0.004
0.472	0.147	0.378	0.003
0.233	0.303	0.339	0.125
0.226	0.200	0.379	0.195
0.209	0.211	0.290	0.290
>CSGCCATBTTGG	11-CSGCCATBTTGG	10.071230	-218.805647	0	T:296.0(1.48%),B:47.0(0.11%),P:1e-95	Tpos:85.6,Tstd:36.7,Bpos:77.8,Bstd:47.0,StrandBias:0.1,Multiplicity:1.00
0.001	0.972	0.001	0.026
0.058	0.532	0.409	0.001
0.001	0.001	0.997	0.001
0.001	0.997	0.001	0.001
0.001	0.997	0.001	0.001
0.997	0.001	0.001	0.001
0.001	0.001	0.001	0.997
0.001	0.277	0.332	0.390
0.001	0.001	0.001	0.997
0.001	0.001	0.001	0.997
0.001	0.348	0.612	0.039
0.082	0.111	0.700	0.107
>CRCGAGATTTSR	12-CRCGAGATTTSR	10.173221	-217.350933	0	T:304.0(1.52%),B:53.0(0.13%),P:1e-94	Tpos:72.8,Tstd:36.3,Bpos:70.3,Bstd:44.0,StrandBias:-0.9,Multiplicity:1.53
0.001	0.938	0.060	0.001
0.533	0.001	0.465	0.001
0.077	0.864	0.011	0.048
0.125	0.092	0.782	0.001
0.776	0.001	0.222	0.001
0.001	0.001	0.997	0.001
0.954	0.044	0.001	0.001
0.001	0.055	0.256	0.688
0.001	0.252	0.001	0.746
0.124	0.001	0.001	0.874
0.001	0.490	0.508	0.001
0.534	0.067	0.394	0.005
>CCGGAACCGGAA	13-CCGGAACCGGAA	8.799788	-161.891001	0	T:230.0(1.15%),B:42.1(0.10%),P:1e-70	Tpos:75.3,Tstd:36.5,Bpos:77.5,Bstd:53.7,StrandBias:1.5,Multiplicity:1.13
0.001	0.799	0.199	0.001
0.113	0.885	0.001	0.001
0.001	0.001	0.997	0.001
0.001	0.001	0.997	0.001
0.997	0.001	0.001	0.001
0.997	0.001	0.001	0.001
0.161	0.837	0.001	0.001
0.011	0.987	0.001	0.001
0.001	0.001	0.997	0.001
0.001	0.001	0.997	0.001
0.997	0.001	0.001	0.001
0.749	0.001	0.249	0.001
>TGTGGTTACTAC	14-TGTGGTTACTAC	10.872956	-139.001016	0	T:169.0(0.84%),B:19.7(0.05%),P:1e-60	Tpos:78.1,Tstd:34.6,Bpos:78.2,Bstd:30.6,StrandBias:-1.2,Multiplicity:1.00
0.016	0.229	0.001	0.754
0.001	0.001	0.703	0.295
0.016	0.001	0.001	0.982
0.001	0.001	0.737	0.261
0.001	0.016	0.733	0.250
0.001	0.016	0.021	0.962
0.182	0.125	0.115	0.578
0.838	0.001	0.001	0.160
0.001	0.594	0.291	0.114
0.104	0.001	0.001	0.894
0.614	0.001	0.034	0.351
0.050	0.866	0.083	0.001
>CCGCCCCTTTCC	15-CCGCCCCTTTCC	10.714833	-126.609043	0	T:461.0(2.31%),B:309.9(0.74%),P:1e-54	Tpos:70.7,Tstd:36.6,Bpos:68.8,Bstd:61.9,StrandBias:-0.9,Multiplicity:1.00
0.024	0.929	0.012	0.035
0.046	0.777	0.063	0.114
0.075	0.212	0.637	0.076
0.130	0.805	0.028	0.037
0.005	0.636	0.176	0.183
0.001	0.917	0.011	0.071
0.009	0.989	0.001	0.001
0.049	0.097	0.073	0.781
0.010	0.077	0.112	0.801
0.010	0.098	0.012	0.880
0.001	0.940	0.036	0.023
0.047	0.913	0.015	0.025
>TCAGTTCCGGGA	16-TCAGTTCCGGGA	10.608512	-117.550301	0	T:232.0(1.16%),B:81.6(0.20%),P:1e-51	Tpos:78.6,Tstd:34.1,Bpos:68.5,Bstd:45.0,StrandBias:-0.5,Multiplicity:1.00
0.148	0.012	0.011	0.829
0.034	0.818	0.098	0.050
0.827	0.088	0.011	0.074
0.001	0.001	0.997	0.001
0.045	0.192	0.001	0.762
0.001	0.025	0.011	0.963
0.001	0.919	0.011	0.069
0.006	0.914	0.023	0.057
0.224	0.011	0.559	0.206
0.077	0.001	0.911	0.011
0.018	0.011	0.844	0.127
0.665	0.001	0.046	0.288
>TTGYCTMSCAKA	17-TTGYCTMSCAKA	9.930107	-88.503382	0	T:166.0(0.83%),B:54.1(0.13%),P:1e-38	Tpos:67.1,Tstd:37.7,Bpos:71.5,Bstd:32.2,StrandBias:-0.4,Multiplicity:1.00
0.192	0.001	0.060	0.747
0.001	0.001	0.001	0.997
0.182	0.125	0.647	0.046
0.208	0.281	0.089	0.421
0.057	0.651	0.029	0.263
0.222	0.030	0.001	0.747
0.360	0.324	0.185	0.130
0.064	0.375	0.524	0.037
0.094	0.874	0.031	0.001
0.967	0.031	0.001	0.001
0.165	0.034	0.386	0.414
0.918	0.022	0.047	0.013
>AGTAGTCTGTTT	18-AGTAGTCTGTTT	13.855513	-86.524486	0	T:86.0(0.43%),B:3.8(0.01%),P:1e-37	Tpos:71.0,Tstd:34.1,Bpos:84.0,Bstd:33.7,StrandBias:-0.6,Multiplicity:1.00
0.794	0.001	0.001	0.204
0.001	0.001	0.997	0.001
0.001	0.001	0.001	0.997
0.822	0.001	0.176	0.001
0.204	0.001	0.794	0.001
0.095	0.001	0.001	0.903
0.001	0.794	0.204	0.001
0.001	0.001	0.001	0.997
0.001	0.001	0.997	0.001
0.001	0.001	0.204	0.794
0.001	0.001	0.001	0.997
0.001	0.001	0.001	0.997
>GGAAGTCACACC	19-GGAAGTCACACC	10.899185	-79.484835	0	T:136.0(0.68%),B:38.7(0.09%),P:1e-34	Tpos:74.1,Tstd:35.9,Bpos:75.8,Bstd:29.7,StrandBias:0.6,Multiplicity:1.28
0.191	0.044	0.693	0.072
0.033	0.022	0.944	0.001
0.945	0.022	0.022	0.011
0.890	0.011	0.055	0.044
0.011	0.022	0.890	0.077
0.022	0.049	0.001	0.928
0.048	0.940	0.001	0.011
0.727	0.073	0.199	0.001
0.022	0.738	0.229	0.011
0.759	0.044	0.122	0.075
0.144	0.745	0.110	0.001
0.011	0.812	0.066	0.111
>CGTTTATTCTCT	20-CGTTTATTCTCT	10.694429	-71.232435	0	T:72.0(0.36%),B:3.4(0.01%),P:1e-30	Tpos:75.9,Tstd:37.0,Bpos:90.4,Bstd:21.1,StrandBias:-0.8,Multiplicity:1.00
0.001	0.997	0.001	0.001
0.001	0.001	0.924	0.074
0.001	0.001	0.001	0.997
0.001	0.001	0.001	0.997
0.001	0.032	0.001	0.966
0.966	0.001	0.001	0.032
0.001	0.001	0.001	0.997
0.001	0.001	0.001	0.997
0.001	0.927	0.039	0.033
0.001	0.001	0.001	0.997
0.001	0.997	0.001	0.001
0.001	0.001	0.001	0.997
>TATGGTAACTTC	21-TATGGTAACTTC	10.078733	-68.427038	0	T:161.0(0.80%),B:72.6(0.17%),P:1e-29	Tpos:71.1,Tstd:38.8,Bpos:79.2,Bstd:43.1,StrandBias:0.4,Multiplicity:1.03
0.057	0.024	0.038	0.881
0.832	0.038	0.038	0.092
0.167	0.001	0.011	0.821
0.076	0.127	0.689	0.108
0.076	0.001	0.875	0.048
0.132	0.001	0.061	0.806
0.841	0.001	0.044	0.114
0.959	0.001	0.039	0.001
0.075	0.849	0.019	0.057
0.042	0.001	0.001	0.956
0.137	0.086	0.133	0.644
0.024	0.860	0.054	0.062
>GTTGGACCGGCG	22-GTTGGACCGGCG	10.409522	-59.295299	0	T:61.0(0.30%),B:3.2(0.01%),P:1e-25	Tpos:61.2,Tstd:33.8,Bpos:126.0,Bstd:3.4,StrandBias:0.0,Multiplicity:1.00
0.100	0.100	0.700	0.100
0.100	0.100	0.100	0.700
0.100	0.100	0.100	0.700
0.100	0.100	0.700	0.100
0.100	0.100	0.700	0.100
0.700	0.100	0.100	0.100
0.100	0.700	0.100	0.100
0.100	0.700	0.100	0.100
0.100	0.100	0.700	0.100
0.100	0.100	0.700	0.100
0.100	0.700	0.100	0.100
0.100	0.100	0.700	0.100
>GGGGGGGGGGGG	23-GGGGGGGGGGGG	7.023016	-46.640729	0	T:3700.0(18.50%),B:6463.1(15.50%),P:1e-20	Tpos:70.3,Tstd:37.5,Bpos:71.4,Bstd:70.8,StrandBias:0.2,Multiplicity:1.35
0.076	0.062	0.783	0.079
0.093	0.076	0.755	0.076
0.118	0.097	0.721	0.064
0.112	0.093	0.714	0.081
0.106	0.096	0.728	0.070
0.098	0.067	0.765	0.070
0.079	0.084	0.774	0.063
0.080	0.118	0.721	0.081
0.075	0.117	0.744	0.064
0.107	0.088	0.756	0.049
0.105	0.074	0.760	0.061
0.088	0.078	0.780	0.054
>CGKGCGCGCGCH	24-CGKGCGCGCGCH	11.411588	-38.177650	0	T:173.0(0.86%),B:138.1(0.33%),P:1e-16	Tpos:79.3,Tstd:39.6,Bpos:49.1,Bstd:70.5,StrandBias:0.4,Multiplicity:1.04
0.059	0.705	0.235	0.001
0.151	0.001	0.847	0.001
0.001	0.205	0.348	0.446
0.182	0.077	0.740	0.001
0.001	0.997	0.001	0.001
0.001	0.001	0.997	0.001
0.001	0.641	0.001	0.357
0.311	0.001	0.687	0.001
0.001	0.997	0.001	0.001
0.001	0.001	0.997	0.001
0.001	0.997	0.001	0.001
0.346	0.250	0.189	0.216
>AAAAAAAAAGAR	25-AAAAAAAAAGAR	11.895770	-14.231941	0	T:591.0(2.96%),B:956.4(2.29%),P:1e-6	Tpos:69.1,Tstd:40.0,Bpos:71.8,Bstd:43.1,StrandBias:0.6,Multiplicity:1.05
0.535	0.228	0.236	0.001
0.949	0.049	0.001	0.001
0.997	0.001	0.001	0.001
0.997	0.001	0.001	0.001
0.625	0.373	0.001	0.001
0.997	0.001	0.001	0.001
0.997	0.001	0.001	0.001
0.877	0.001	0.121	0.001
0.997	0.001	0.001	0.001
0.317	0.001	0.564	0.118
0.567	0.149	0.225	0.059
0.558	0.020	0.421	0.001
>CCGGAAGY	1-CCGGAAGY	6.700524	-803.064634	0	T:2851.0(14.26%),B:1954.7(4.69%),P:1e-348	Tpos:73.4,Tstd:37.5,Bpos:71.1,Bstd:54.6,StrandBias:-0.1,Multiplicity:1.26
0.063	0.695	0.235	0.007
0.158	0.759	0.058	0.025
0.001	0.062	0.925	0.012
0.064	0.033	0.892	0.011
0.922	0.034	0.013	0.031
0.813	0.009	0.058	0.120
0.228	0.219	0.528	0.025
0.072	0.341	0.120	0.467
>CTTCCGCS	2-CTTCCGCS	6.467276	-493.377938	0	T:2508.0(12.54%),B:2159.6(5.18%),P:1e-214	Tpos:78.3,Tstd:38.0,Bpos:72.1,Bstd:62.9,StrandBias:-0.4,Multiplicity:1.04
0.001	0.827	0.077	0.095
0.001	0.001	0.144	0.854
0.127	0.001	0.001	0.871
0.001	0.665	0.170	0.164
0.109	0.889	0.001	0.001
0.082	0.001	0.916	0.001
0.001	0.648	0.180	0.171
0.178	0.337	0.350	0.135
>CYGATTGG	3-CYGATTGG	6.894312	-398.335964	0	T:1997.0(9.98%),B:1690.5(4.05%),P:1e-172	Tpos:69.0,Tstd:37.9,Bpos:74.9,Bstd:52.9,StrandBias:-0.1,Multiplicity:1.30
0.114	0.501	0.196	0.189
0.021	0.497	0.023	0.458
0.001	0.251	0.630	0.118
0.902	0.001	0.052	0.045
0.075	0.001	0.043	0.881
0.106	0.029	0.017	0.848
0.011	0.074	0.875	0.040
0.064	0.039	0.869	0.028
>AGGAAGTG	4-AGGAAGTG	8.496609	-366.108653	0	T:2523.0(12.62%),B:2532.9(6.07%),P:1e-158	Tpos:76.0,Tstd:38.1,Bpos:73.2,Bstd:42.1,StrandBias:0.1,Multiplicity:1.07
0.749	0.137	0.113	0.001
0.001	0.001	0.997	0.001
0.001	0.001	0.997	0.001
0.997	0.001	0.001	0.001
0.832	0.001	0.001	0.166
0.001	0.001	0.997	0.001
0.191	0.001	0.001	0.807
0.001	0.001	0.997	0.001
>ATGAGTCA	5-ATGAGTCA	7.128801	-359.510422	0	T:3451.0(17.26%),B:4002.0(9.60%),P:1e-156	Tpos:70.1,Tstd:36.4,Bpos:73.3,Bstd:39.1,StrandBias:-0.0,Multiplicity:1.23
0.523	0.323	0.153	0.001
0.001	0.001	0.001	0.997
0.001	0.001	0.997	0.001
0.989	0.009	0.001	0.001
0.015	0.280	0.667	0.038
0.008	0.001	0.001	0.990
0.001	0.997	0.001	0.001
0.987	0.001	0.001	0.011
>TGATGCAA	6-TGATGCAA	8.750508	-341.988138	0	T:943.0(4.71%),B:496.0(1.19%),P:1e-148	Tpos:72.6,Tstd:37.2,Bpos:71.9,Bstd:45.0,StrandBias:-0.3,Multiplicity:1.01
0.001	0.001	0.001	0.997
0.001	0.001	0.997	0.001
0.997	0.001	0.001	0.001
0.001	0.145	0.001	0.853
0.001	0.001	0.997	0.001
0.001	0.883	0.001	0.115
0.997	0.001	0.001	0.001
0.997	0.001	0.001	0.001
>TCTCGCGA	7-TCTCGCGA	9.140372	-312.633920	0	T:491.0(2.46%),B:113.6(0.27%),P:1e-135	Tpos:67.2,Tstd:35.6,Bpos:86.5,Bstd:63.8,StrandBias:-0.5,Multiplicity:1.20
0.001	0.001	0.001	0.997
0.080	0.860	0.043	0.017
0.001	0.001	0.021	0.977
0.001	0.997	0.001	0.001
0.096	0.001	0.902	0.001
0.001	0.808	0.001	0.190
0.001	0.001	0.997	0.001
0.997	0.001	0.001	0.001
>TTCCGSGA	8-TTCCGSGA	5.463517	-263.762397	0	T:3178.0(15.89%),B:3953.3(9.48%),P:1e-114	Tpos:71.9,Tstd:39.1,Bpos:71.2,Bstd:55.1,StrandBias:-0.2,Multiplicity:1.13
0.133	0.001	0.001	0.865
0.001	0.112	0.001	0.886
0.151	0.596	0.001	0.252
0.001	0.619	0.120	0.260
0.074	0.263	0.533	0.130
0.156	0.395	0.447	0.001
0.001	0.263	0.626	0.110
0.440	0.152	0.178	0.230
>ATTGGCSG	9-ATTGGCSG	6.600324	-261.634267	0	T:1557.0(7.79%),B:1436.5(3.44%),P:1e-113	Tpos:72.3,Tstd:38.4,Bpos:77.1,Bstd:58.4,StrandBias:-0.1,Multiplicity:1.02
0.807	0.059	0.100	0.034
0.036	0.069	0.044	0.851
0.001	0.053	0.001	0.945
0.034	0.137	0.736	0.093
0.022	0.055	0.922	0.001
0.026	0.790	0.034	0.150
0.001	0.472	0.338	0.189
0.126	0.026	0.770	0.078
>CACGTGAC	10-CACGTGAC	7.725407	-236.985579	0	T:1055.0(5.27%),B:818.7(1.96%),P:1e-102	Tpos:68.0,Tstd:37.6,Bpos:74.9,Bstd:56.2,StrandBias:0.4,Multiplicity:1.04
0.058	0.812	0.111	0.019
0.934	0.022	0.043	0.001
0.001	0.812	0.001	0.186
0.119	0.001	0.879	0.001
0.001	0.001	0.017	0.981
0.001	0.001	0.992	0.006
0.947	0.001	0.033	0.019
0.001	0.970	0.001	0.028
>CYCCCCCH	11-CYCCCCCH	6.910658	-193.019470	0	T:4522.0(22.61%),B:6699.6(16.07%),P:1e-83	Tpos:68.7,Tstd:38.0,Bpos:71.8,Bstd:68.4,StrandBias:-0.1,Multiplicity:1.50
0.036	0.853	0.001	0.110
0.223	0.396	0.001	0.380
0.223	0.774	0.002	0.001
0.022	0.769	0.111	0.098
0.001	0.603	0.377	0.019
0.051	0.837	0.073	0.039
0.052	0.774	0.075	0.099
0.260	0.371	0.024	0.346
>GCATGCGC	12-GCATGCGC	10.724273	-189.566865	0	T:379.0(1.90%),B:134.0(0.32%),P:1e-82	Tpos:71.0,Tstd:37.2,Bpos:79.2,Bstd:57.5,StrandBias:-0.5,Multiplicity:1.13
0.048	0.001	0.950	0.001
0.001	0.997	0.001	0.001
0.997	0.001	0.001	0.001
0.001	0.001	0.001	0.997
0.001	0.001	0.997	0.001
0.001	0.997	0.001	0.001
0.001	0.001	0.896	0.102
0.001	0.827	0.001	0.171
>AAGCGGAA	13-AAGCGGAA	6.723348	-189.261056	0	T:484.0(2.42%),B:234.4(0.56%),P:1e-82	Tpos:77.7,Tstd:39.6,Bpos:77.4,Bstd:48.8,StrandBias:-0.1,Multiplicity:1.00
0.997	0.001	0.001	0.001
0.997	0.001	0.001	0.001
0.001	0.085	0.913	0.001
0.001	0.997	0.001	0.001
0.001	0.001	0.997	0.001
0.152	0.001	0.846	0.001
0.997	0.001	0.001	0.001
0.997	0.001	0.001	0.001
>ATGGCGGC	14-ATGGCGGC	7.767003	-159.023212	0	T:552.0(2.76%),B:356.1(0.85%),P:1e-69	Tpos:76.1,Tstd:41.7,Bpos:67.4,Bstd:67.2,StrandBias:-0.6,Multiplicity:1.03
0.997	0.001	0.001	0.001
0.001	0.001	0.001	0.997
0.001	0.001	0.997	0.001
0.001	0.001	0.997	0.001
0.001	0.997	0.001	0.001
0.001	0.105	0.893	0.001
0.064	0.001	0.934	0.001
0.281	0.640	0.001	0.078
>AAGATGGC	15-AAGATGGC	9.733721	-132.135328	0	T:615.0(3.08%),B:489.1(1.17%),P:1e-57	Tpos:79.9,Tstd:40.3,Bpos:71.5,Bstd:42.1,StrandBias:-0.5,Multiplicity:1.02
0.997	0.001	0.001	0.001
0.997	0.001	0.001	0.001
0.263	0.001	0.735	0.001
0.997	0.001	0.001	0.001
0.001	0.001	0.001	0.997
0.001	0.001	0.997	0.001
0.001	0.001	0.997	0.001
0.001	0.997	0.001	0.001
>ATGTMGTC	16-ATGTMGTC	7.188472	-118.827118	0	T:781.0(3.91%),B:751.3(1.80%),P:1e-51	Tpos:73.1,Tstd:38.7,Bpos:71.2,Bstd:44.6,StrandBias:-0.4,Multiplicity:1.10
0.874	0.068	0.020	0.038
0.001	0.049	0.001	0.949
0.001	0.063	0.931	0.005
0.157	0.001	0.178	0.664
0.366	0.464	0.169	0.001
0.001	0.150	0.848	0.001
0.069	0.001	0.361	0.569
0.176	0.822	0.001	0.001
>TGACGTCA	17-TGACGTCA	7.194452	-117.206662	0	T:1128.0(5.64%),B:1275.2(3.06%),P:1e-50	Tpos:72.2,Tstd:38.5,Bpos:73.7,Bstd:51.5,StrandBias:-0.4,Multiplicity:1.13
0.001	0.001	0.039	0.959
0.001	0.001	0.997	0.001
0.833	0.001	0.001	0.165
0.001	0.662	0.172	0.165
0.001	0.001	0.997	0.001
0.001	0.116	0.001	0.882
0.018	0.953	0.001	0.028
0.882	0.001	0.046	0.071
>TTTCGTGT	18-TTTCGTGT	8.097638	-69.621158	0	T:717.0(3.58%),B:830.9(1.99%),P:1e-30	Tpos:74.0,Tstd:38.1,Bpos:74.2,Bstd:39.3,StrandBias:0.9,Multiplicity:1.33
0.001	0.043	0.162	0.794
0.121	0.260	0.176	0.443
0.025	0.086	0.044	0.845
0.001	0.997	0.001	0.001
0.001	0.386	0.612	0.001
0.001	0.317	0.056	0.626
0.043	0.021	0.935	0.001
0.045	0.001	0.021	0.933
>AATCCGGG	19-AATCCGGG	7.272494	-52.021317	0	T:487.0(2.44%),B:546.1(1.31%),P:1e-22	Tpos:62.5,Tstd:37.9,Bpos:71.0,Bstd:53.7,StrandBias:0.4,Multiplicity:1.00
0.596	0.356	0.001	0.047
0.733	0.064	0.043	0.160
0.110	0.001	0.001	0.888
0.001	0.733	0.042	0.224
0.001	0.997	0.001	0.001
0.001	0.001	0.997	0.001
0.113	0.233	0.612	0.042
0.232	0.043	0.688	0.037
>BGCGTRCG	20-BGCGTRCG	4.343945	-51.891786	0	T:2433.0(12.16%),B:3979.6(9.54%),P:1e-22	Tpos:73.7,Tstd:39.6,Bpos:68.9,Bstd:76.8,StrandBias:0.0,Multiplicity:1.38
0.146	0.282	0.325	0.248
0.218	0.188	0.413	0.181
0.108	0.677	0.115	0.100
0.218	0.158	0.404	0.220
0.062	0.362	0.006	0.570
0.336	0.177	0.369	0.118
0.112	0.622	0.232	0.034
0.123	0.037	0.721	0.119
>ATGAAATC	21-ATGAAATC	10.958391	-48.541406	0	T:254.0(1.27%),B:219.1(0.53%),P:1e-21	Tpos:71.5,Tstd:37.2,Bpos:69.8,Bstd:37.5,StrandBias:-0.1,Multiplicity:1.00
0.997	0.001	0.001	0.001
0.001	0.001	0.001	0.997
0.001	0.001	0.997	0.001
0.895	0.103	0.001	0.001
0.997	0.001	0.001	0.001
0.997	0.001	0.001	0.001
0.001	0.001	0.001	0.997
0.001	0.997	0.001	0.001
>CGGCCCTA	22-CGGCCCTA	8.236954	-48.069374	0	T:90.0(0.45%),B:30.9(0.07%),P:1e-20	Tpos:77.9,Tstd:35.6,Bpos:53.7,Bstd:65.9,StrandBias:-1.2,Multiplicity:1.00
0.100	0.700	0.100	0.100
0.100	0.100	0.700	0.100
0.100	0.100	0.700	0.100
0.100	0.700	0.100	0.100
0.100	0.700	0.100	0.100
0.100	0.700	0.100	0.100
0.100	0.100	0.100	0.700
0.700	0.100	0.100	0.100
>TACTAGTC	23-TACTAGTC	8.236954	-38.531840	0	T:87.0(0.43%),B:38.2(0.09%),P:1e-16	Tpos:72.6,Tstd:37.6,Bpos:84.7,Bstd:44.4,StrandBias:-1.3,Multiplicity:1.00
0.100	0.100	0.100	0.700
0.700	0.100	0.100	0.100
0.100	0.700	0.100	0.100
0.100	0.100	0.100	0.700
0.700	0.100	0.100	0.100
0.100	0.100	0.700	0.100
0.100	0.100	0.100	0.700
0.100	0.700	0.100	0.100
>GGGGGAGT	24-GGGGGAGT	8.236954	-6.355047	0	T:151.0(0.76%),B:230.8(0.55%),P:1e-2	Tpos:94.7,Tstd:34.8,Bpos:60.9,Bstd:33.0,StrandBias:-1.7,Multiplicity:1.15
0.100	0.100	0.700	0.100
0.100	0.100	0.700	0.100
0.100	0.100	0.700	0.100
0.100	0.100	0.700	0.100
0.100	0.100	0.700	0.100
0.700	0.100	0.100	0.100
0.100	0.100	0.700	0.100
0.100	0.100	0.100	0.700
>AAAAAAAA	25-AAAAAAAA	8.236954	-6.149235	0	T:906.0(4.53%),B:1681.8(4.03%),P:1e-2	Tpos:69.6,Tstd:41.4,Bpos:72.2,Bstd:44.2,StrandBias:0.5,Multiplicity:1.05
0.700	0.100	0.100	0.100
0.700	0.100	0.100	0.100
0.700	0.100	0.100	0.100
0.700	0.100	0.100	0.100
0.700	0.100	0.100	0.100
0.700	0.100	0.100	0.100
0.700	0.100	0.100	0.100
0.700	0.100	0.100	0.100
