>CSACTTCCGG	1-CSACTTCCGG	6.596913	-788.296343	0	T:3093.0(15.47%),B:2292.2(5.50%),P:1e-342	Tpos:72.5,Tstd:37.0,Bpos:73.1,Bstd:56.6,StrandBias:-0.0,Multiplicity:1.30
0.184	0.459	0.148	0.209
0.126	0.328	0.368	0.178
0.516	0.113	0.240	0.131
0.004	0.730	0.149	0.117
0.120	0.001	0.033	0.846
0.011	0.006	0.016	0.967
0.001	0.977	0.021	0.001
0.025	0.882	0.005	0.088
0.009	0.078	0.851	0.062
0.004	0.190	0.734	0.072
>ATKDCATCAB	2-ATKDCATCAB	8.319746	-514.786077	0	T:1539.0(7.70%),B:887.0(2.13%),P:1e-223	Tpos:70.8,Tstd:36.6,Bpos:71.3,Bstd:40.7,StrandBias:0.2,Multiplicity:1.05
0.529	0.130	0.340	0.001
0.001	0.001	0.001	0.997
0.001	0.001	0.433	0.565
0.314	0.001	0.385	0.300
0.100	0.683	0.216	0.001
0.641	0.001	0.357	0.001
0.001	0.001	0.001	0.997
0.001	0.997	0.001	0.001
0.943	0.055	0.001	0.001
0.001	0.308	0.282	0.409
>GRCCAATCRG	3-GRCCAATCRG	8.137617	-449.806529	0	T:1555.0(7.78%),B:1014.1(2.43%),P:1e-195	Tpos:67.8,Tstd:37.1,Bpos:76.1,Bstd:57.6,StrandBias:0.0,Multiplicity:1.22
0.137	0.257	0.586	0.020
0.430	0.001	0.346	0.222
0.001	0.997	0.001	0.001
0.001	0.997	0.001	0.001
0.997	0.001	0.001	0.001
0.997	0.001	0.001	0.001
0.001	0.001	0.001	0.997
0.019	0.604	0.376	0.001
0.398	0.058	0.486	0.058
0.001	0.116	0.645	0.238
>NNVTGASTCA	4-NNVTGASTCA	6.832664	-381.281008	0	T:2881.0(14.41%),B:3025.6(7.26%),P:1e-165	Tpos:70.5,Tstd:36.0,Bpos:73.0,Bstd:38.5,StrandBias:-0.2,Multiplicity:1.19
0.274	0.265	0.176	0.285
0.250	0.281	0.237	0.232
0.333	0.325	0.286	0.056
0.118	0.127	0.109	0.646
0.122	0.132	0.631	0.115
0.728	0.138	0.001	0.133
0.062	0.401	0.436	0.101
0.093	0.144	0.108	0.655
0.076	0.699	0.128	0.097
0.857	0.001	0.001	0.141
>TCTCGCGAGA	5-TCTCGCGAGA	8.605238	-315.751796	0	T:460.0(2.30%),B:89.9(0.22%),P:1e-137	Tpos:68.3,Tstd:34.9,Bpos:82.8,Bstd:62.9,StrandBias:0.5,Multiplicity:1.24
0.001	0.065	0.124	0.810
0.394	0.583	0.001	0.022
0.001	0.067	0.234	0.698
0.017	0.889	0.093	0.001
0.310	0.009	0.680	0.001
0.091	0.882	0.026	0.001
0.009	0.029	0.958	0.004
0.740	0.027	0.133	0.100
0.009	0.080	0.910	0.001
0.854	0.005	0.004	0.137
>TGCGCATGCG	6-TGCGCATGCG	7.522908	-299.204763	0	T:1359.0(6.79%),B:1072.7(2.57%),P:1e-129	Tpos:73.2,Tstd:37.2,Bpos:71.5,Bstd:68.8,StrandBias:0.1,Multiplicity:1.28
0.090	0.150	0.214	0.546
0.198	0.145	0.656	0.001
0.146	0.852	0.001	0.001
0.031	0.043	0.907	0.019
0.001	0.997	0.001	0.001
0.588	0.083	0.036	0.293
0.067	0.055	0.098	0.780
0.001	0.257	0.741	0.001
0.001	0.997	0.001	0.001
0.001	0.001	0.810	0.188
>ACAGGAAGTG	7-ACAGGAAGTG	7.639186	-289.649478	0	T:2290.0(11.45%),B:2429.2(5.83%),P:1e-125	Tpos:75.9,Tstd:38.1,Bpos:73.3,Bstd:41.1,StrandBias:0.0,Multiplicity:1.13
0.610	0.048	0.205	0.137
0.046	0.843	0.075	0.036
0.945	0.001	0.019	0.035
0.048	0.018	0.910	0.024
0.017	0.043	0.877	0.063
0.831	0.042	0.086	0.041
0.782	0.038	0.049	0.131
0.113	0.042	0.744	0.101
0.126	0.105	0.080	0.689
0.101	0.051	0.767	0.081
>GTCACGTGAC	8-GTCACGTGAC	8.210066	-273.624975	0	T:732.0(3.66%),B:372.5(0.89%),P:1e-118	Tpos:69.0,Tstd:36.3,Bpos:73.0,Bstd:57.0,StrandBias:-0.2,Multiplicity:1.05
0.001	0.001	0.997	0.001
0.001	0.093	0.101	0.805
0.001	0.612	0.208	0.179
0.840	0.158	0.001	0.001
0.001	0.744	0.037	0.218
0.219	0.001	0.779	0.001
0.075	0.153	0.075	0.697
0.001	0.070	0.928	0.001
0.721	0.099	0.179	0.001
0.048	0.860	0.001	0.091
>GGCYCCACCC	9-GGCYCCACCC	7.257252	-269.497227	0	T:4090.0(20.45%),B:5480.4(13.14%),P:1e-117	Tpos:71.0,Tstd:38.3,Bpos:71.8,Bstd:61.8,StrandBias:0.0,Multiplicity:1.21
0.083	0.175	0.696	0.046
0.179	0.046	0.709	0.066
0.005	0.764	0.001	0.230
0.050	0.482	0.012	0.456
0.173	0.699	0.001	0.127
0.001	0.989	0.001	0.009
0.600	0.001	0.216	0.183
0.058	0.915	0.001	0.026
0.038	0.898	0.058	0.006
0.008	0.743	0.001	0.248
>TGATTGGTYG	10-TGATTGGTYG	7.943000	-241.391529	0	T:940.0(4.70%),B:664.4(1.59%),P:1e-104	Tpos:70.4,Tstd:36.8,Bpos:79.8,Bstd:45.1,StrandBias:-0.4,Multiplicity:1.06
0.001	0.001	0.083	0.915
0.095	0.073	0.654	0.178
0.997	0.001	0.001	0.001
0.001	0.083	0.001	0.915
0.121	0.001	0.001	0.877
0.001	0.001	0.997	0.001
0.001	0.001	0.997	0.001
0.009	0.205	0.184	0.602
0.177	0.368	0.122	0.332
0.001	0.063	0.847	0.089
>TTCGCTCCGC	11-TTCGCTCCGC	7.969023	-236.935309	0	T:684.0(3.42%),B:375.1(0.90%),P:1e-102	Tpos:68.2,Tstd:39.2,Bpos:67.6,Bstd:69.7,StrandBias:0.1,Multiplicity:1.01
0.094	0.131	0.165	0.610
0.065	0.060	0.076	0.799
0.099	0.769	0.034	0.098
0.094	0.050	0.796	0.060
0.002	0.952	0.033	0.013
0.076	0.101	0.040	0.783
0.038	0.832	0.061	0.069
0.088	0.726	0.159	0.027
0.018	0.036	0.900	0.046
0.105	0.833	0.035	0.027
>ACTACATTTC	12-ACTACATTTC	7.395932	-234.402876	0	T:523.0(2.61%),B:215.0(0.52%),P:1e-101	Tpos:66.5,Tstd:37.2,Bpos:78.4,Bstd:45.4,StrandBias:0.2,Multiplicity:1.03
0.997	0.001	0.001	0.001
0.001	0.978	0.020	0.001
0.001	0.006	0.100	0.893
0.997	0.001	0.001	0.001
0.001	0.997	0.001	0.001
0.997	0.001	0.001	0.001
0.260	0.138	0.160	0.442
0.001	0.260	0.129	0.610
0.001	0.001	0.001	0.997
0.001	0.997	0.001	0.001
>AAGATGGCGG	13-AAGATGGCGG	8.441579	-219.025742	0	T:492.0(2.46%),B:204.6(0.49%),P:1e-95	Tpos:80.2,Tstd:40.3,Bpos:72.4,Bstd:47.7,StrandBias:-0.5,Multiplicity:1.03
0.991	0.001	0.007	0.001
0.989	0.005	0.001	0.005
0.213	0.050	0.736	0.001
0.997	0.001	0.001	0.001
0.001	0.006	0.001	0.992
0.001	0.022	0.976	0.001
0.001	0.020	0.978	0.001
0.001	0.997	0.001	0.001
0.026	0.124	0.773	0.077
0.013	0.124	0.862	0.001
>GRGGGGGGGG	14-GRGGGGGGGG	7.478678	-185.050148	0	T:3612.0(18.06%),B:5111.1(12.26%),P:1e-80	Tpos:69.3,Tstd:37.6,Bpos:72.2,Bstd:71.3,StrandBias:0.2,Multiplicity:1.40
0.366	0.015	0.617	0.002
0.428	0.019	0.411	0.143
0.223	0.001	0.741	0.035
0.001	0.033	0.965	0.001
0.001	0.171	0.821	0.007
0.024	0.137	0.767	0.072
0.001	0.192	0.742	0.065
0.082	0.001	0.841	0.076
0.138	0.001	0.860	0.001
0.183	0.224	0.560	0.033
>DTTCYNRGAA	15-DTTCYNRGAA	6.846197	-140.234472	0	T:985.0(4.92%),B:978.4(2.35%),P:1e-60	Tpos:76.6,Tstd:37.3,Bpos:73.1,Bstd:36.3,StrandBias:-0.0,Multiplicity:1.12
0.308	0.098	0.321	0.274
0.030	0.017	0.013	0.940
0.057	0.095	0.011	0.837
0.053	0.794	0.077	0.076
0.004	0.434	0.023	0.539
0.274	0.260	0.190	0.277
0.453	0.002	0.533	0.012
0.067	0.062	0.811	0.060
0.815	0.049	0.054	0.082
0.845	0.031	0.063	0.061
>TAGTAACCAC	16-TAGTAACCAC	8.740575	-98.866720	0	T:117.0(0.58%),B:12.2(0.03%),P:1e-42	Tpos:71.8,Tstd:37.2,Bpos:70.0,Bstd:29.1,StrandBias:3.0,Multiplicity:1.00
0.001	0.001	0.001	0.997
0.997	0.001	0.001	0.001
0.001	0.001	0.917	0.081
0.001	0.001	0.001	0.997
0.997	0.001	0.001	0.001
0.917	0.081	0.001	0.001
0.001	0.997	0.001	0.001
0.001	0.997	0.001	0.001
0.928	0.001	0.001	0.070
0.001	0.997	0.001	0.001
>TCGGTGGCGT	17-TCGGTGGCGT	7.816752	-72.749197	0	T:368.0(1.84%),B:309.3(0.74%),P:1e-31	Tpos:70.9,Tstd:37.6,Bpos:67.9,Bstd:46.1,StrandBias:1.4,Multiplicity:1.03
0.050	0.026	0.117	0.807
0.061	0.782	0.050	0.107
0.094	0.052	0.756	0.098
0.029	0.027	0.930	0.014
0.076	0.133	0.118	0.673
0.063	0.113	0.810	0.014
0.067	0.097	0.750	0.086
0.035	0.815	0.046	0.104
0.017	0.018	0.787	0.178
0.018	0.066	0.021	0.895
>GTGCGTGCGT	18-GTGCGTGCGT	7.543046	-69.400101	0	T:494.0(2.47%),B:494.7(1.19%),P:1e-30	Tpos:69.9,Tstd:39.6,Bpos:69.6,Bstd:69.8,StrandBias:0.0,Multiplicity:1.08
0.001	0.109	0.741	0.149
0.074	0.001	0.103	0.822
0.138	0.079	0.696	0.087
0.001	0.997	0.001	0.001
0.093	0.078	0.732	0.097
0.003	0.092	0.001	0.904
0.080	0.115	0.720	0.085
0.001	0.953	0.045	0.001
0.001	0.113	0.748	0.138
0.001	0.256	0.061	0.682
>AGCGGTCTGT	19-AGCGGTCTGT	9.188161	-68.974285	0	T:124.0(0.62%),B:38.3(0.09%),P:1e-29	Tpos:78.7,Tstd:36.7,Bpos:73.6,Bstd:37.4,StrandBias:-0.2,Multiplicity:1.00
0.997	0.001	0.001	0.001
0.001	0.001	0.703	0.295
0.001	0.968	0.001	0.030
0.001	0.001	0.997	0.001
0.001	0.001	0.997	0.001
0.001	0.001	0.329	0.669
0.012	0.749	0.001	0.238
0.102	0.001	0.001	0.896
0.001	0.001	0.997	0.001
0.001	0.001	0.001	0.997
>TTMGGGCCGT	20-TTMGGGCCGT	9.951614	-67.725444	0	T:141.0(0.70%),B:54.1(0.13%),P:1e-29	Tpos:78.7,Tstd:35.4,Bpos:62.0,Bstd:50.8,StrandBias:1.5,Multiplicity:1.00
0.393	0.039	0.001	0.567
0.001	0.001	0.013	0.985
0.512	0.486	0.001	0.001
0.001	0.001	0.997	0.001
0.001	0.001	0.997	0.001
0.001	0.001	0.997	0.001
0.001	0.997	0.001	0.001
0.001	0.713	0.001	0.285
0.001	0.171	0.827	0.001
0.001	0.018	0.400	0.581
>CCCTGTCAAA	21-CCCTGTCAAA	9.693690	-58.652708	0	T:74.0(0.37%),B:10.7(0.03%),P:1e-25	Tpos:72.1,Tstd:31.6,Bpos:93.4,Bstd:34.8,StrandBias:-0.3,Multiplicity:1.00
0.001	0.997	0.001	0.001
0.001	0.997	0.001	0.001
0.001	0.980	0.018	0.001
0.001	0.118	0.001	0.880
0.001	0.001	0.997	0.001
0.001	0.001	0.001	0.997
0.001	0.997	0.001	0.001
0.997	0.001	0.001	0.001
0.997	0.001	0.001	0.001
0.997	0.001	0.001	0.001
>GTTGGCGGTC	22-GTTGGCGGTC	10.187407	-57.517760	0	T:101.0(0.51%),B:30.3(0.07%),P:1e-24	Tpos:64.2,Tstd:36.1,Bpos:51.3,Bstd:50.1,StrandBias:-1.2,Multiplicity:1.55
0.160	0.106	0.733	0.001
0.012	0.087	0.001	0.900
0.001	0.004	0.344	0.651
0.001	0.347	0.651	0.001
0.001	0.001	0.997	0.001
0.001	0.893	0.105	0.001
0.337	0.001	0.661	0.001
0.001	0.001	0.949	0.049
0.045	0.001	0.113	0.841
0.001	0.685	0.313	0.001
>ATCTCGTGTT	23-ATCTCGTGTT	13.645951	-27.471803	0	T:27.0(0.14%),B:1.5(0.00%),P:1e-11	Tpos:69.1,Tstd:37.4,Bpos:82.1,Bstd:28.2,StrandBias:7.0,Multiplicity:4.85
0.997	0.001	0.001	0.001
0.001	0.001	0.001	0.997
0.001	0.997	0.001	0.001
0.001	0.001	0.001	0.997
0.001	0.827	0.001	0.171
0.001	0.001	0.997	0.001
0.001	0.001	0.001	0.997
0.001	0.001	0.997	0.001
0.001	0.001	0.001	0.997
0.001	0.001	0.001	0.997
>TGTCCTGACC	24-TGTCCTGACC	11.810949	-26.738999	0	T:41.0(0.21%),B:10.0(0.02%),P:1e-11	Tpos:62.2,Tstd:37.1,Bpos:88.6,Bstd:30.2,StrandBias:3.3,Multiplicity:1.85
0.001	0.001	0.001	0.997
0.001	0.001	0.997	0.001
0.001	0.001	0.001	0.997
0.001	0.997	0.001	0.001
0.001	0.997	0.001	0.001
0.001	0.001	0.001	0.997
0.001	0.001	0.997	0.001
0.997	0.001	0.001	0.001
0.001	0.997	0.001	0.001
0.132	0.866	0.001	0.001
>AAAAAAAAAA	25-AAAAAAAAAA	8.232954	-9.833494	0	T:732.0(3.66%),B:1276.5(3.06%),P:1e-4	Tpos:69.5,Tstd:40.7,Bpos:72.1,Bstd:43.6,StrandBias:0.5,Multiplicity:1.04
0.910	0.046	0.043	0.001
0.997	0.001	0.001	0.001
0.997	0.001	0.001	0.001
0.997	0.001	0.001	0.001
0.997	0.001	0.001	0.001
0.997	0.001	0.001	0.001
0.997	0.001	0.001	0.001
0.997	0.001	0.001	0.001
0.947	0.001	0.051	0.001
0.908	0.001	0.090	0.001
