>NCCGGAAGTGGC	1-NCCGGAAGTGGC	8.207625	-748.205407	0	T:1483.0(7.41%),B:530.5(1.27%),P:1e-324	Tpos:73.9,Tstd:36.9,Bpos:69.1,Bstd:56.6,StrandBias:-0.0,Multiplicity:1.29
0.249	0.291	0.253	0.207
0.082	0.555	0.338	0.025
0.001	0.997	0.001	0.001
0.001	0.001	0.997	0.001
0.007	0.001	0.991	0.001
0.929	0.052	0.018	0.001
0.924	0.012	0.053	0.011
0.152	0.031	0.816	0.001
0.121	0.243	0.054	0.582
0.162	0.233	0.429	0.177
0.117	0.202	0.515	0.166
0.119	0.482	0.176	0.223
>VNSTGAYGHAAY	2-VNSTGAYGHAAY	7.779292	-561.273522	0	T:1504.0(7.52%),B:778.1(1.87%),P:1e-243	Tpos:72.6,Tstd:35.3,Bpos:71.9,Bstd:45.1,StrandBias:-0.4,Multiplicity:1.03
0.240	0.350	0.266	0.143
0.229	0.281	0.278	0.212
0.247	0.307	0.440	0.006
0.023	0.032	0.040	0.905
0.006	0.026	0.947	0.021
0.882	0.028	0.065	0.025
0.008	0.524	0.011	0.457
0.028	0.101	0.727	0.144
0.251	0.364	0.001	0.384
0.682	0.196	0.031	0.091
0.880	0.046	0.040	0.034
0.011	0.317	0.240	0.432
>RCCAATSAGVVN	3-RCCAATSAGVVN	7.949441	-460.132827	0	T:1876.0(9.38%),B:1391.3(3.34%),P:1e-199	Tpos:68.0,Tstd:37.0,Bpos:74.5,Bstd:52.6,StrandBias:0.0,Multiplicity:1.28
0.408	0.005	0.430	0.157
0.001	0.997	0.001	0.001
0.009	0.989	0.001	0.001
0.997	0.001	0.001	0.001
0.947	0.051	0.001	0.001
0.001	0.001	0.001	0.997
0.001	0.525	0.473	0.001
0.588	0.068	0.343	0.001
0.140	0.166	0.513	0.181
0.325	0.206	0.311	0.158
0.222	0.218	0.357	0.202
0.263	0.263	0.306	0.169
>DVTGASTCABCN	4-DVTGASTCABCN	9.513116	-459.489549	0	T:2014.0(10.07%),B:1571.3(3.77%),P:1e-199	Tpos:69.1,Tstd:35.2,Bpos:74.2,Bstd:37.5,StrandBias:-0.0,Multiplicity:1.16
0.248	0.157	0.367	0.228
0.318	0.357	0.324	0.001
0.001	0.001	0.005	0.993
0.001	0.001	0.997	0.001
0.997	0.001	0.001	0.001
0.010	0.485	0.504	0.001
0.021	0.001	0.005	0.973
0.056	0.937	0.006	0.001
0.965	0.001	0.010	0.024
0.017	0.335	0.287	0.360
0.237	0.411	0.209	0.142
0.231	0.322	0.260	0.187
>GCHCCGCCYMCN	5-GCHCCGCCYMCN	8.911954	-364.608723	0	T:3233.0(16.16%),B:3633.9(8.71%),P:1e-158	Tpos:68.9,Tstd:37.7,Bpos:76.6,Bstd:64.3,StrandBias:0.3,Multiplicity:1.17
0.004	0.054	0.941	0.001
0.132	0.608	0.259	0.001
0.316	0.376	0.001	0.307
0.001	0.997	0.001	0.001
0.001	0.997	0.001	0.001
0.261	0.001	0.533	0.205
0.001	0.997	0.001	0.001
0.001	0.949	0.049	0.001
0.001	0.572	0.001	0.426
0.410	0.392	0.001	0.197
0.115	0.522	0.166	0.197
0.280	0.300	0.189	0.230
>MTGCGCATGCGC	6-MTGCGCATGCGC	8.893654	-355.791237	0	T:976.0(4.88%),B:511.4(1.23%),P:1e-154	Tpos:72.2,Tstd:36.6,Bpos:71.6,Bstd:67.3,StrandBias:0.1,Multiplicity:1.19
0.314	0.390	0.206	0.090
0.026	0.106	0.129	0.739
0.073	0.001	0.925	0.001
0.129	0.858	0.012	0.001
0.004	0.012	0.982	0.002
0.001	0.997	0.001	0.001
0.724	0.170	0.090	0.016
0.076	0.040	0.080	0.804
0.010	0.034	0.955	0.001
0.002	0.962	0.015	0.021
0.001	0.012	0.903	0.084
0.001	0.837	0.053	0.109
>TCTCGCGAKAGT	7-TCTCGCGAKAGT	9.322637	-308.704111	0	T:355.0(1.77%),B:31.7(0.08%),P:1e-134	Tpos:66.2,Tstd:35.1,Bpos:72.7,Bstd:74.4,StrandBias:-0.2,Multiplicity:1.03
0.059	0.018	0.009	0.914
0.046	0.841	0.106	0.007
0.017	0.070	0.027	0.886
0.060	0.764	0.088	0.088
0.029	0.061	0.873	0.037
0.023	0.746	0.073	0.158
0.045	0.143	0.752	0.060
0.822	0.085	0.056	0.037
0.053	0.043	0.446	0.459
0.726	0.075	0.146	0.053
0.174	0.229	0.437	0.159
0.036	0.092	0.087	0.785
>ACTACADTTCCC	8-ACTACADTTCCC	11.151510	-290.644680	0	T:466.0(2.33%),B:112.9(0.27%),P:1e-126	Tpos:67.5,Tstd:35.9,Bpos:80.7,Bstd:44.9,StrandBias:0.5,Multiplicity:1.03
0.850	0.125	0.019	0.006
0.012	0.944	0.001	0.043
0.019	0.280	0.019	0.682
0.965	0.001	0.028	0.006
0.008	0.955	0.031	0.006
0.867	0.075	0.044	0.014
0.379	0.077	0.238	0.307
0.006	0.354	0.083	0.557
0.033	0.049	0.006	0.912
0.018	0.944	0.001	0.037
0.006	0.987	0.006	0.001
0.014	0.963	0.001	0.022
>GTCAYGTGACCA	9-GTCAYGTGACCA	8.975284	-239.264757	0	T:643.0(3.21%),B:328.5(0.79%),P:1e-103	Tpos:68.5,Tstd:35.4,Bpos:72.2,Bstd:62.4,StrandBias:0.4,Multiplicity:1.07
0.042	0.014	0.934	0.010
0.002	0.178	0.101	0.719
0.002	0.956	0.003	0.039
0.866	0.050	0.058	0.026
0.002	0.463	0.002	0.533
0.225	0.048	0.726	0.001
0.007	0.001	0.009	0.983
0.001	0.016	0.978	0.005
0.562	0.112	0.216	0.110
0.045	0.902	0.005	0.048
0.143	0.722	0.001	0.134
0.438	0.272	0.125	0.165
>AGGAAGTGRVGN	10-AGGAAGTGRVGN	8.565395	-220.888394	0	T:1634.0(8.17%),B:1671.4(4.01%),P:1e-95	Tpos:74.0,Tstd:37.1,Bpos:73.5,Bstd:41.6,StrandBias:-0.2,Multiplicity:1.13
0.576	0.002	0.226	0.196
0.035	0.001	0.956	0.008
0.002	0.001	0.803	0.194
0.721	0.001	0.277	0.001
0.868	0.001	0.117	0.014
0.318	0.043	0.638	0.001
0.326	0.041	0.001	0.632
0.001	0.002	0.993	0.004
0.472	0.147	0.378	0.003
0.233	0.303	0.339	0.125
0.226	0.200	0.379	0.195
0.209	0.211	0.290	0.290
>CSGCCATBTTGG	11-CSGCCATBTTGG	10.071230	-218.805647	0	T:296.0(1.48%),B:47.0(0.11%),P:1e-95	Tpos:85.6,Tstd:36.7,Bpos:77.8,Bstd:47.0,StrandBias:0.1,Multiplicity:1.00
0.001	0.972	0.001	0.026
0.058	0.532	0.409	0.001
0.001	0.001	0.997	0.001
0.001	0.997	0.001	0.001
0.001	0.997	0.001	0.001
0.997	0.001	0.001	0.001
0.001	0.001	0.001	0.997
0.001	0.277	0.332	0.390
0.001	0.001	0.001	0.997
0.001	0.001	0.001	0.997
0.001	0.348	0.612	0.039
0.082	0.111	0.700	0.107
>CRCGAGATTTSR	12-CRCGAGATTTSR	10.173221	-217.350933	0	T:304.0(1.52%),B:53.0(0.13%),P:1e-94	Tpos:72.8,Tstd:36.3,Bpos:70.3,Bstd:44.0,StrandBias:-0.9,Multiplicity:1.53
0.001	0.938	0.060	0.001
0.533	0.001	0.465	0.001
0.077	0.864	0.011	0.048
0.125	0.092	0.782	0.001
0.776	0.001	0.222	0.001
0.001	0.001	0.997	0.001
0.954	0.044	0.001	0.001
0.001	0.055	0.256	0.688
0.001	0.252	0.001	0.746
0.124	0.001	0.001	0.874
0.001	0.490	0.508	0.001
0.534	0.067	0.394	0.005
>CCGGAACCGGAA	13-CCGGAACCGGAA	8.799788	-161.891001	0	T:230.0(1.15%),B:42.1(0.10%),P:1e-70	Tpos:75.3,Tstd:36.5,Bpos:77.5,Bstd:53.7,StrandBias:1.5,Multiplicity:1.13
0.001	0.799	0.199	0.001
0.113	0.885	0.001	0.001
0.001	0.001	0.997	0.001
0.001	0.001	0.997	0.001
0.997	0.001	0.001	0.001
0.997	0.001	0.001	0.001
0.161	0.837	0.001	0.001
0.011	0.987	0.001	0.001
0.001	0.001	0.997	0.001
0.001	0.001	0.997	0.001
0.997	0.001	0.001	0.001
0.749	0.001	0.249	0.001
>TGTGGTTACTAC	14-TGTGGTTACTAC	10.872956	-139.001016	0	T:169.0(0.84%),B:19.7(0.05%),P:1e-60	Tpos:78.1,Tstd:34.6,Bpos:78.2,Bstd:30.6,StrandBias:-1.2,Multiplicity:1.00
0.016	0.229	0.001	0.754
0.001	0.001	0.703	0.295
0.016	0.001	0.001	0.982
0.001	0.001	0.737	0.261
0.001	0.016	0.733	0.250
0.001	0.016	0.021	0.962
0.182	0.125	0.115	0.578
0.838	0.001	0.001	0.160
0.001	0.594	0.291	0.114
0.104	0.001	0.001	0.894
0.614	0.001	0.034	0.351
0.050	0.866	0.083	0.001
>CCGCCCCTTTCC	15-CCGCCCCTTTCC	10.714833	-126.609043	0	T:461.0(2.31%),B:309.9(0.74%),P:1e-54	Tpos:70.7,Tstd:36.6,Bpos:68.8,Bstd:61.9,StrandBias:-0.9,Multiplicity:1.00
0.024	0.929	0.012	0.035
0.046	0.777	0.063	0.114
0.075	0.212	0.637	0.076
0.130	0.805	0.028	0.037
0.005	0.636	0.176	0.183
0.001	0.917	0.011	0.071
0.009	0.989	0.001	0.001
0.049	0.097	0.073	0.781
0.010	0.077	0.112	0.801
0.010	0.098	0.012	0.880
0.001	0.940	0.036	0.023
0.047	0.913	0.015	0.025
>TCAGTTCCGGGA	16-TCAGTTCCGGGA	10.608512	-117.550301	0	T:232.0(1.16%),B:81.6(0.20%),P:1e-51	Tpos:78.6,Tstd:34.1,Bpos:68.5,Bstd:45.0,StrandBias:-0.5,Multiplicity:1.00
0.148	0.012	0.011	0.829
0.034	0.818	0.098	0.050
0.827	0.088	0.011	0.074
0.001	0.001	0.997	0.001
0.045	0.192	0.001	0.762
0.001	0.025	0.011	0.963
0.001	0.919	0.011	0.069
0.006	0.914	0.023	0.057
0.224	0.011	0.559	0.206
0.077	0.001	0.911	0.011
0.018	0.011	0.844	0.127
0.665	0.001	0.046	0.288
>TTGYCTMSCAKA	17-TTGYCTMSCAKA	9.930107	-88.503382	0	T:166.0(0.83%),B:54.1(0.13%),P:1e-38	Tpos:67.1,Tstd:37.7,Bpos:71.5,Bstd:32.2,StrandBias:-0.4,Multiplicity:1.00
0.192	0.001	0.060	0.747
0.001	0.001	0.001	0.997
0.182	0.125	0.647	0.046
0.208	0.281	0.089	0.421
0.057	0.651	0.029	0.263
0.222	0.030	0.001	0.747
0.360	0.324	0.185	0.130
0.064	0.375	0.524	0.037
0.094	0.874	0.031	0.001
0.967	0.031	0.001	0.001
0.165	0.034	0.386	0.414
0.918	0.022	0.047	0.013
>AGTAGTCTGTTT	18-AGTAGTCTGTTT	13.855513	-86.524486	0	T:86.0(0.43%),B:3.8(0.01%),P:1e-37	Tpos:71.0,Tstd:34.1,Bpos:84.0,Bstd:33.7,StrandBias:-0.6,Multiplicity:1.00
0.794	0.001	0.001	0.204
0.001	0.001	0.997	0.001
0.001	0.001	0.001	0.997
0.822	0.001	0.176	0.001
0.204	0.001	0.794	0.001
0.095	0.001	0.001	0.903
0.001	0.794	0.204	0.001
0.001	0.001	0.001	0.997
0.001	0.001	0.997	0.001
0.001	0.001	0.204	0.794
0.001	0.001	0.001	0.997
0.001	0.001	0.001	0.997
>GGAAGTCACACC	19-GGAAGTCACACC	10.899185	-79.484835	0	T:136.0(0.68%),B:38.7(0.09%),P:1e-34	Tpos:74.1,Tstd:35.9,Bpos:75.8,Bstd:29.7,StrandBias:0.6,Multiplicity:1.28
0.191	0.044	0.693	0.072
0.033	0.022	0.944	0.001
0.945	0.022	0.022	0.011
0.890	0.011	0.055	0.044
0.011	0.022	0.890	0.077
0.022	0.049	0.001	0.928
0.048	0.940	0.001	0.011
0.727	0.073	0.199	0.001
0.022	0.738	0.229	0.011
0.759	0.044	0.122	0.075
0.144	0.745	0.110	0.001
0.011	0.812	0.066	0.111
>CGTTTATTCTCT	20-CGTTTATTCTCT	10.694429	-71.232435	0	T:72.0(0.36%),B:3.4(0.01%),P:1e-30	Tpos:75.9,Tstd:37.0,Bpos:90.4,Bstd:21.1,StrandBias:-0.8,Multiplicity:1.00
0.001	0.997	0.001	0.001
0.001	0.001	0.924	0.074
0.001	0.001	0.001	0.997
0.001	0.001	0.001	0.997
0.001	0.032	0.001	0.966
0.966	0.001	0.001	0.032
0.001	0.001	0.001	0.997
0.001	0.001	0.001	0.997
0.001	0.927	0.039	0.033
0.001	0.001	0.001	0.997
0.001	0.997	0.001	0.001
0.001	0.001	0.001	0.997
>TATGGTAACTTC	21-TATGGTAACTTC	10.078733	-68.427038	0	T:161.0(0.80%),B:72.6(0.17%),P:1e-29	Tpos:71.1,Tstd:38.8,Bpos:79.2,Bstd:43.1,StrandBias:0.4,Multiplicity:1.03
0.057	0.024	0.038	0.881
0.832	0.038	0.038	0.092
0.167	0.001	0.011	0.821
0.076	0.127	0.689	0.108
0.076	0.001	0.875	0.048
0.132	0.001	0.061	0.806
0.841	0.001	0.044	0.114
0.959	0.001	0.039	0.001
0.075	0.849	0.019	0.057
0.042	0.001	0.001	0.956
0.137	0.086	0.133	0.644
0.024	0.860	0.054	0.062
>GTTGGACCGGCG	22-GTTGGACCGGCG	10.409522	-59.295299	0	T:61.0(0.30%),B:3.2(0.01%),P:1e-25	Tpos:61.2,Tstd:33.8,Bpos:126.0,Bstd:3.4,StrandBias:0.0,Multiplicity:1.00
0.100	0.100	0.700	0.100
0.100	0.100	0.100	0.700
0.100	0.100	0.100	0.700
0.100	0.100	0.700	0.100
0.100	0.100	0.700	0.100
0.700	0.100	0.100	0.100
0.100	0.700	0.100	0.100
0.100	0.700	0.100	0.100
0.100	0.100	0.700	0.100
0.100	0.100	0.700	0.100
0.100	0.700	0.100	0.100
0.100	0.100	0.700	0.100
>GGGGGGGGGGGG	23-GGGGGGGGGGGG	7.023016	-46.640729	0	T:3700.0(18.50%),B:6463.1(15.50%),P:1e-20	Tpos:70.3,Tstd:37.5,Bpos:71.4,Bstd:70.8,StrandBias:0.2,Multiplicity:1.35
0.076	0.062	0.783	0.079
0.093	0.076	0.755	0.076
0.118	0.097	0.721	0.064
0.112	0.093	0.714	0.081
0.106	0.096	0.728	0.070
0.098	0.067	0.765	0.070
0.079	0.084	0.774	0.063
0.080	0.118	0.721	0.081
0.075	0.117	0.744	0.064
0.107	0.088	0.756	0.049
0.105	0.074	0.760	0.061
0.088	0.078	0.780	0.054
>CGKGCGCGCGCH	24-CGKGCGCGCGCH	11.411588	-38.177650	0	T:173.0(0.86%),B:138.1(0.33%),P:1e-16	Tpos:79.3,Tstd:39.6,Bpos:49.1,Bstd:70.5,StrandBias:0.4,Multiplicity:1.04
0.059	0.705	0.235	0.001
0.151	0.001	0.847	0.001
0.001	0.205	0.348	0.446
0.182	0.077	0.740	0.001
0.001	0.997	0.001	0.001
0.001	0.001	0.997	0.001
0.001	0.641	0.001	0.357
0.311	0.001	0.687	0.001
0.001	0.997	0.001	0.001
0.001	0.001	0.997	0.001
0.001	0.997	0.001	0.001
0.346	0.250	0.189	0.216
>AAAAAAAAAGAR	25-AAAAAAAAAGAR	11.895770	-14.231941	0	T:591.0(2.96%),B:956.4(2.29%),P:1e-6	Tpos:69.1,Tstd:40.0,Bpos:71.8,Bstd:43.1,StrandBias:0.6,Multiplicity:1.05
0.535	0.228	0.236	0.001
0.949	0.049	0.001	0.001
0.997	0.001	0.001	0.001
0.997	0.001	0.001	0.001
0.625	0.373	0.001	0.001
0.997	0.001	0.001	0.001
0.997	0.001	0.001	0.001
0.877	0.001	0.121	0.001
0.997	0.001	0.001	0.001
0.317	0.001	0.564	0.118
0.567	0.149	0.225	0.059
0.558	0.020	0.421	0.001
